74    1.023438    1.085938  0.000000  0.062500
73    1.105469    1.152344  0.007812  0.049479
65    1.101562    1.166667  0.007812  0.079427
64    1.178385    1.210938  0.195312  0.080729
57    1.462240    1.597656  0.003906  0.066406
59    1.255208    1.338542  0.000000  0.063802
70    12.462240    12.506510  0.003906  0.052083
58    12.440104    12.476562  0.002604  0.052083
87    12.524740    12.552083  0.070312  0.040365
  51    12.473958    12.627604  0.003906  0.071615
  63    12.484375    12.566406  0.071615  0.095052
  62    12.598958    12.562500  0.093750  0.022135
  60    12.744792    12.789062  0.063802  0.052083
  68    12.830729    13.235677  0.063802  0.514323
  70    12.653646    13.039062  0.065104  0.476562
  29    12.692708    13.417969  0.024740  1.446615
  61    21.063802    21.352865  0.006510  0.281250
  82    21.412760    22.605469  0.002604  0.276042
  46   210.274740   210.682292  0.225260  0.420573
  42   201.776042   210.947917  0.333333  0.158854
  79   210.911458   210.923177  0.029948  0.033854
  63 