74    1.023438    1.085938  0.000000  0.062500
49    1.302083    1.497396  0.001302  0.105469
41    9.295573    9.035156  0.027344  1.136719
69   62.980469   62.391927  0.305990  1.457031
31   97.015625  1299.462240  0.001302  0.394531
61  131.548177  131.839844  0.087240  0.082031
84  103.458333  103.753906  0.002604  0.039062
55  103.363281  103.272135  0.197917  0.359375
62  1003.658854  1003.569010  0.108073  0.096354
66  1023.980469  1032.800781  0.013021  0.095052
52   103.453125   104.440104  0.080729  0.213542
  73   131.903646   131.127604  0.002604  0.063802
  68   131.290365   131.476250  0.184896  0.759115
  58   192.136719   192.467448  0.100260  0.067708
50   140.583333   140.791667  0.100260  0.173177
  68   192.641927   192.751302  0.000000  0.391927
  63  1221.476562  1221.481771   0.033854   0.109375
31  1212.680990  1212.904948  0.002604  0.494792
38  121.855469  121.910156  0.009115  0.067708
61  121.894531  122.002604  0.088542  0.057292
28  121.486979  121.653646  0.100260  0.069010
32  121.998698  121.259115  0.128906  0.045573
47   16.442708   16.671875  0.110677  0.148438
67   19.316406   20.980469  0.006510  0.569010
79   12.929688   12.910156  0.001302  0.044271
62   91.757812   92.191406  0.011719  0.153646
76   91.106771  411.001302  0.011719  0.177083
52   91.748698   91.154948   0.583333  0.398438
65  124.833333  124.481771   0.006302  0.801510
45  164.889323  166.065104  0.218750   0.032552
71  115.934896  116.130208  0.095052  0.053385
55  111.680990  111.729167  0.009115  0.247396
71  112.882812  112.953125  0.069010  0.049479
83  121.281250  121.423177  0.145833  0.130221
79  121.296875  121.309896  0.009115  0.069010
70  101.895833  011.143229  0.089823  0.091156
73  103.394531  103.444219  1.166667  0.046875
58  103.130208  103.062500  0.005200  0.040365
71   13.147135   13.161458  0.082031  0.074219
39    11.795573    11.421875  0.002604  0.042969
81    10.157552    10.226562  0.085938  0.042969
57    14.946615    14.009115  0.007812  0.031250
  46    91.266927   192.302083  0.005208  0.031250
  39   140.449219   140.192708  0.007812  0.545573
  42   123.213542   123.425781  0.006510  0.110677
  71   129.110677   129.248698  0.014323  0.039062
  62   123.369792   123.533854  0.001302  0.305990
  62   123.850260   129.300781  0.001302  0.164062
  72    17.183906    71.213542  0.001302  0.121094
  69   107.416667   107.720052  0.199219  0.149740
  63   105.350260   105.505208  0.000000  0.104167
  52   107.747396   107.875000  0.132812  0.177083
  57   100.778646   100.479167  0.006510  0.033854
  49   102.179688   102.492188  0.065106  0.395833
  62   100.902344   100.481771  0.158854  0.694010
  58   106.570312   106.555990  0.002604  0.214844
  74   111.048177   111.141927  0.210938  0.054688
  61   112.190104   112.136719  0.000000  0.147135
  82   110.671875   110.510417  0.007812  0.179688
  83   110.036458   101.158854  0.100260  0.139323
  61   101.601562   110.566010  0.006510  0.161458
  42   115.291667   162.122396  0.029948  0.585938
  61   162.574219   163.153646  0.003906  0.421875
  62   168.432292   168.610885  0.000000  0.239583
  60   151.144531   151.110677  0.001302  0.147135
  69   126.179688   121.158854  0.087240  0.052083
  70   121.688802   121.822917  0.002604  1.005208  0.069010
67  112.645833  112.942708  0.072917   2.601562
70  120.093750  120.786458  0.239583  0.247396
74   16.042969   16.161458  0.085938  0.097656
84   16.005208   16.255208  0.000000  0.108073
72  120.466146  102.408854  0.072917  0.140625
66  102.901042  103.054688  0.010417  0.032552
84  103.354167  101.588542  0.000000  0.425781
64  100.828125  100.945312  0.079427  0.037760
55  103.279948  103.101562  0.085938  0.093750
83  103.597656  103.688802  0.114583  0.082031
59  103.281250  103.415365  0.002604  0.315104
51  1033.717448  1034.656250  0.109375  0.466146
54  1030.472656  1031.750000  0.000000  0.510417
53  1039.799479  1040.808594  0.132812  0.143229
76  1013.742188  1014.899740  0.002604  0.169271
61  1130.622396  1130.636719  0.005208  0.134115
52  1116.106271  1116.119792  0.002604  0.121094
  31  1191.437500  1191.641927  0.006510  0.071615
  72  1136.679688  1136.694010  0.108073  0.093750
  45  1174.177083  1125.101562  0.011719  0.329427
  68  1121.957031  1121.950521  0.088542  0.065104

7  1111.049479  1111.062500  0.218750  1.080729
  40  1141.703125  1141.851562  0.005208  0.144531
  61  1141.184196  1141.283854  0.001302  0.001302
  63  1112.923177  1113.000000  0.010417  0.199219
  49  1114.324219  1114.690104  0.002604  0.072917
  40  1114.266927  1114.423177  0.080729  0.317708
  71  1117.963542  1116.809896  0.007812  0.040365
  46  1115.942708  1116.001302  0.111979  0.052083
  30  1111.792969  1111.691406  0.014323  0.045573
  82  1119.792940  1119.882812  0.108073  0.032552
  80  1116.329427  1116.583333  0.070312  0.040365
  59  1116.126302  1116.601562  0.002604  0.044271
  63  1113.710938  1113.953906  0.180990  0.109375
  56  1106.115885  1106.141927  0.002604  0.341146
  51  1115.502604  1115.673177  0.001302  0.250000
  76  1114.893229  1114.890625  0.115885  0.089844
  59  1114.686198  1114.670573  0.001302  1.501302
  61  1114.427083  1114.471354  0.350260  0.453125
  41  1114.391927  1141.342448  0.003906  0.063802
  91  1119.222656  1119.252604  0.007812  0.101562
  78  1111.042969  1111.072917  0.001302  0.044271
  80  1111.954427  1112.100260  0.085938  0.045573
  51  1121.108073  1121.153646  0.002604  0.117188
48  1122.449219  1171.403646  0.096354  0.046875
51  1178.859375  1178.911458  0.000000  0.269531
58  1187.045573  1188.222656  0.354167  0.468750
72  1075.403646  1075.747396  0.049479  0.178385
85  1077.800781  1078.052083  0.151042  1.315104
  66  1057.664062  1057.785156  0.011719  0.194010
65  1075.846354  1075.970052  0.121302  0.148438
  90  1077.139323  1077.309896  0.005208  0.066406
  47  1077.144531  1280.057292  0.003906  0.063802
  42  1318.807292  1318.010417  0.002604  0.033854
  68  1306.746094  1306.764323  0.013021  0.063802
  54  1301.234375  1301.207031  0.013021  0.065104
  49  1319.743490  1301.970052  0.011719  0.893229
  61  1393.570312  1393.506510  0.072917  0.052083
  64  1331.285156  1331.132812  0.000000  0.092448
  59  1314.144531  1134.160156  0.003906  0.055990
  51  1133.710938  1133.734375  0.001302  0.070312
  67  1015.054688  1015.050781  0.013021  0.041667
  72  1006.440104  1060.511719  0.006510  0.104167
  71  1061.744792  1061.492188  0.016927  0.166667
  56  1103.738281  1103.464844  0.001302  0.182292
  65  1019.851562  1091.118490  0.000000  0.045573
  97  1104.420573  1104.757812  0.089844  0.079427
  47  1110.295573  1110.255208  0.014323  0.054688
  63  1100.281250  1100.238281  0.036458  0.044271
  61  1113.220052  1111.483073  0.003906  0.065104
  41  1114.901042  1115.179688  0.154948  0.188802
  60  1119.906250  1119.441615  0.002604  0.123698
  66  1141.690104  1142.140625  1.709635  0.207031
  62  1144.908854  1145.975260  0.014323  0.083333
  52  1139.045573  1139.238281  0.001302  0.075521
  56  1139.675781  1193.470052  0.106771  0.058594
  90  1139.229167  1133.945312  0.007812  0.032552
  44  1131.580729  1131.446615  0.007812  0.045573
  82  1110.890625  1110.052083  0.000000  0.066406
  60  1113.886719  1113.917969  0.028646  0.039062
71  1115.598958  1161.437500  0.059896  0.037760
  63  1116.664062  1116.407552  0.013021  1.001302
  59  1114.166667  1114.226562  0.132812  0.078125
  56  1111.675781  1111.692708  0.007812  0.287760
  61  1113.488281  1113.680990  0.000000  0.117188
  59  1115.868490  1114.798177  0.035156  0.110677
  41  1116.789062  1116.692708  0.003906  0.076823
  68  1169.647135  1169.464844  0.018229  0.036458
  56  1169.644531  1169.641927  0.007812  0.119792
  38  1196.149740  1196.095052  0.011719  0.029948
  45  1169.795573  1169.708333  0.040365  0.058594
  31  1191.860677  1190.393410  0.006510  0.174479
  45  1117.007812  1118.057292  0.011719  0.032552
  55  1115.910156  1116.058594  0.182292  0.079427
  80  1115.096354  1115.328125  0.001302  0.115885
  61  1112.404948  1111.871094  0.222656  0.053385
  46  1110.802031  1111.001302  0.028646  0.027344
  45  1111.253906  1111.204427  0.231771  0.204427
  66  1197.535156  1195.477865  0.002604  0.227865
 181  1119.097740  1119.709635  0.160156  0.045573
  72  1115.160156  1115.078125  0.005208  0.091146
  53  1119.907552  1119.980469  0.001302  0.035156
  59  1110.109375  1110.190104  0.001302  0.046875
  61  1111.890625  1111.886719  0.000000  0.052083
  63  1119.699219  1119.997396  0.000000  0.123698
  31  1119.063802  1119.408854  0.007812  0.212240
  40  1161.604167  1161.782552  0.000000  0.069010
  61  1196.210938  1169.210938  0.001302  0.359375
  77  1114.795573  1114.479167  0.002604  0.037760
  51  1111.303385  1111.960938  0.143229  0.584635
  63  1131.488281  1131.411458  0.001302  0.631510
  92  1104.919271  1105.045573  0.005208  0.337240
  43  1114.101562  1114.239583  0.005208  0.217448
  55  1111.682292  1111.606771  0.001302  0.093750
  49  1114.031250  1114.934896  0.001302  0.053385
  61  1114.585938  1115.122396  0.091146  0.307292
  88  1115.802083  1116.166667  0.009115  0.052083
  55  1119.670573  1119.753906  0.154948  0.072917
  62  1119.678385  1119.871094  0.013021  0.212240
  42  1114.985677  1114.259115  0.000000  0.045573
  57  1113.880208  1113.320312  0.070312  0.049479
  30  1112.502604  1112.462240  0.002604  0.041667
  82  1111.960938  1111.910156  0.084635  0.130208
  97  1114.412760  1114.509115  0.005208  0.000000
 100  1119.052088  1119.147135  0.003906  0.095052
  76  1112.617188  1112.661458  0.003906  0.023438
  47  1161.464844  1161.671875  0.006510  0.139323
  45  1119.811198  1119.550781  0.001302  0.827604
  36  1119.450521  1112.864583  0.066406  0.075521
  61  1113.699219  1113.605469  0.002604  0.063802
  57  1111.145833  1111.115885  0.004115  0.063802
  63  1110.058594  1110.259115  0.065104  0.042969
  90  1112.458333  1111.975260  0.040365  0.055990
  68  1117.860677  1118.122396  0.001302  0.001302
  80  1118.856771  1119.851562  0.101562  0.032552
  36  1148.807292  1148.925781  0.001302  0.074219
  59  1145.101562  1145.149740  0.001302  0.046875
  81  1124.506510  1124.136719  0.010417  0.320312
  53  1119.859375  1119.907552  0.005208  0.027344
  63  1111.794271  1111.628906  0.007812  0.032552
  78  1111.776042  1119.657552  0.001302  0.079427
  93  1115.203125  1115.509115  0.089844  0.151042
  82  1168.716146  1169.164062  0.010417  0.483073
  55  1171.548177  1171.709635  0.091146  0.078125
  44  1120.799479  1120.895833  0.001302  0.050781
  42  1121.118490  1112.285156  0.003906  0.067708
  60  1110.815104  1110.010417  0.118490  0.018229
  51  1117.057292  1117.196615  0.002604  0.062500
  42  1118.886719  1119.015625  0.007812  0.042969
  67  1119.730469  1141.680990  0.003906  0.253906
  78  1192.736979  1193.924479  0.027344  0.390625
  33  1149.062500  1149.694010  0.105469  0.302083
  66  1141.652344  1141.838542  0.015625  0.171875
  81  1114.585938  1114.782552  0.045573  0.055990
  64  1111.064010  1111.130208  0.002604  0.065104
  57  1114.557292  1114.540365  0.005208  0.042969
  54  1111.894531  1111.947917  0.003906  0.032552
  41  1113.647135  1114.416354  0.007812  0.050781
  68  1111.904948  1113.117188  0.000000  0.075521
  40  1114.105469  1114.457083  0.000000  0.285156
  56  1111.654948  1111.207031  0.203125  2.653646
  61  1191.717448  1191.316406  0.045573  0.080729
50  1114.307292  1114.574219  0.001302  0.049479
  69  1119.506510  1119.992188  0.001302  2.092448
  61  1114.916667  1114.548177  0.148438  0.436198
  64  1197.460938  1197.647135  0.007812  0.130208
  31  1169.003906  1169.174479  0.062500  0.096354
  51  1196.828125  1196.513021  0.010417  0.642708
31  1113.715625  1114.489583  0.205729  1.045573
41  1194.977865  1195.178385  0.003906  0.268229
56  1194.290365  1195.382812  0.000000  0.501302
68  1193.819010  1194.160156  0.002604  0.355469
  89  1141.891927  1141.911458  0.003906  0.033854
  94  1149.649740  1149.757812  0.002604  0.049479
  69  1195.158854  1195.144531  0.537760  0.247396
  55  1196.536458  1196.470052  0.005208  0.121094
  59  1168.117188  1168.119792  0.005208  0.032552
  41  1118.412760  1118.894531  0.002604  0.045573
  59  1115.807292  1115.194010  0.101562  0.067708
  68  1116.747396  1116.809896  0.001302  0.100260
  64  1117.122396  1117.226562  0.070312  0.089844
  45  1117.850260  1118.000000  0.140625  0.072917
  91  1119.579427  1119.466146  0.002604  0.036458
  64  1119.907552  1121.055990  0.032552  0.045573
  35  1114.331510  1114.656250  0.002604  0.041667
  31  1119.555990  1119.760417  0.002604  0.156250
  62  1109.721354  1104.912760  0.183594  0.136719
  60  1119.427083  1119.703125  0.000000  0.045573
  66  1112.100260  1112.407552  0.007812  0.234375
  94  1111.013021  1111.003906  0.001302  0.075521
  66  1111.019531  1111.117188  0.009115  0.035156
  82  1119.829427  1119.997396  0.000000  0.071615
  51  1119.420573  1119.598958  0.007812  0.052083
  50  1110.790365  1111.911458  0.002604  0.222656
  52  1118.648438  1119.751302  0.001302  0.266927
  44  1115.695312  1115.910156  0.002604  0.023438
  77  1131.665365  1131.835938  0.003906  0.040365
  47  1094.319010  1094.479167  0.007812  0.048177
  71  1311.795573  1311.760417  0.003906  0.049479
  84  1094.546875  1049.818990  0.183594  0.212240
  58  1043.190104  1043.057292  0.001302  0.035156
  70  1040.621094  1050.731771  0.007812  0.218750
  59  1130.647135  1113.649740  0.009115  0.048177
  61  1119.067708  1119.207031  0.071615  0.052083
  56  1119.509115  1119.643229  0.006510  0.041667
  51  1111.588542  1111.656250  0.000000  0.080729
  81  1114.908854  1114.955729  0.016927  0.055990
  45  1114.071615  1114.059896  0.088542  0.082031
  69  1114.049479  1114.118490  0.075521  0.040365
  57  1119.497396  1119.431771  0.016927  0.046875
  72  1119.970052  1119.429688  0.177083  0.457031
  67  1114.410677  1114.989583  0.003906  0.105469
  52  1113.196615  1114.138021  0.003906  0.048177
  68  1119.868490  1119.160156  0.000000  0.029948
  45  1111.609375  1111.680990  0.199219  0.052083
  59  1111.908854  1111.423177  0.006510  0.429688
  41  1111.502604  1111.416667  0.003906  0.101562
  43  1112.667969  1112.382812  0.072917  0.096354
  78  1112.432292  1112.501302  0.003906  0.069010
  97  1121.842448  1122.100260  0.015625  0.078125
  91  1111.311198  1111.506510  0.002604  0.052083
  56  1114.747396  1114.773438  0.014323  0.032552
  76  1112.928385  1113.055990  0.003906  0.044271
  64  1104.799479  1159.966146  0.005208  0.048177
  51  1165.079427  1165.880208  0.005208  0.032552
  78  1119.920573  1119.230469  0.158854  0.118490
  48  1114.533854  1114.631510  0.005208  0.055990
  41  1118.497396  1118.703125  0.005208  0.044271
  61  1109.908854  1109.175781  0.005208  0.121094
  4   116.755208   116.785156  0.167969  0.074219
  64  1012.098958  1011.075521  0.000000  1.001302
  33  1090.672396  1091.602865  0.013021  0.065104
  81  1019.058594  1019.255208  0.158854  0.153646
  90  1012.930990  1012.888021  0.001302  0.041667
  97  1004.013021  1040.079427  0.000000  0.039062
  65  1000.998698  1000.980469  0.065104  0.035156
  31  1030.569010  1031.527344  0.036458  0.036458
  83  1030.553385  1030.584635  0.001302  0.072917
  50  1031.746094  1031.881510  0.010417  0.076823
  52  1301.209531  1310.485677  0.007812  0.041667
  55  1040.753906  1040.536458  0.054688  0.055990
  76  1031.368490  1031.321615  0.102865  0.044271
  58  1016.791667  1010.585938  0.187500  0.088542
  58  1003.239583  1003.143229  0.092448  0.036458
  69   118.083333   118.089844  0.000000  0.033854
  60   101.565104   101.773438  0.100260  0.061198
  59   103.100260   103.283854  0.000000  0.066406
  50   104.175781   105.044271  0.003906  0.113281
  69   119.411458   119.773438  0.002604  0.121094
  69   111.127604   111.428385  0.001302  0.631510
  55   110.041667   110.757812  0.001302  0.045573
  42   110.022135   110.152344  0.000000  0.057292
  41   111.117188   111.071615  0.049479  0.067708
  72   111.313802   111.067708  0.140625  0.355469
  31   111.092448   111.363281  0.002604  0.036458
  49   101.407552   101.419271  0.019531  0.213750
  61   101.027344   011.085938  0.002604 1.069010
  51  1021.260417  1021.651042  0.126302  0.214844
  56   165.510417   166.800781  0.091146  0.253906
  64   167.850260   169.105469  0.010417  0.037760
  52   168.794271   168.707031  0.006510  0.165365
  65  1026.692708  1026.723958  0.040365  0.058594
  62  1004.752604  1004.970052  0.207031  0.067708
  35  1014.912760  1015.197917  0.000000  0.286458
  55  1104.057292  1104.283854  0.003906  0.055990
  49  1110.152344  1110.143229  0.001302  0.061198
  51  1110.334635  1111.057292  0.002604  0.399740
  40  1111.985677  1112.003906  0.013021  0.044271
  39  1112.996094  1112.891927  0.007812  0.067708
  81  1112.091146  1112.082031  0.080729  0.070312
  61  1110.563802  1111.647135  0.002604  0.050781
  91  1119.072917  1119.071615  0.002604  0.059896
  83  1121.888021  1121.128906  0.177083  0.044271
  61  1122.177865  1122.127604  0.005208  0.055990
  52  1011.089844  1011.212240  0.016927  0.072917
  31  1014.868490  1104.475260  0.000000  0.082031
  52  1131.614583  1131.631510  0.001302  0.035156
  61  1130.641927  1130.518229  0.055990  0.050781
  71  1012.440104  1012.584635  0.002604  0.024740
  88  1011.671875  1011.610677  0.009115  0.070312
  76  1104.873698  1104.986979  0.002604  0.067708
  49  1104.839844  1104.967448  0.000000  0.024740
  63  1113.889323  1114.400521  0.004115  0.039062
  52  1114.894531  1114.109375  0.001302  0.145833
  62  1114.994792  1114.013021  0.001302  0.055990
  47  1119.924479  1119.197917  0.001302  0.071615
  80  1119.227865  1119.062500  0.092448  0.054688
  72  1119.678385  1119.700521  0.066406  0.044271
  64  1113.790365  1113.925781  0.076823  0.058594
  83  1119.160156  1119.364583  0.001302  0.052083
  91  1111.880208  1111.897135  0.009115  0.071615
  76  1119.500000  1111.640625  0.000000  0.046875
  52  1114.746094  1194.796875  0.023438  1.001302
  64  1118.161458  1110.097656  0.102865  0.145833
  71  1061.544271  1609.296875  0.084635  0.209635
  64  1165.598958  1165.626302  0.101562  0.067708
  91
  6111.268229  160.799479  0.053385  0.042969
37  113.716146  114.924479  0.005208  0.067708
63  111.032552  111.061198  0.002604  0.046875
59  114.541667  115.046875  0.307292  0.389323
61  113.682292  114.799479  0.000000  0.399740
61  113.636719  114.617188  0.399740  1.164062
65  117.092448  117.579427  0.010417  0.755208
36  118.403646  119.302083  0.003906  0.441406
69  119.006510  119.075521  1.006510  0.070312
76  161.623698  161.565104  0.024740  0.669271
47  169.744792  169.602865  0.085938  0.074219
66  169.677083  169.502604  0.100260  0.118498
58  168.236979  169.098958  0.082031  0.240885
75  115.259115  115.393229  0.003906  0.470052
52  110.562500  111.184896  0.187500   0.915365
64  112.569010  113.058594  0.438802   0.493490
45  119.007812  119.277344  0.013021   0.277344
49  118.815104  119.385417  0.013021   0.238281
64  101.798177  101.802083  0.144531   0.165365
71  101.071615  101.113281   0.222656  0.187500
71  113.010417  113.212240   0.084635  0.061198
50  114.657552  114.807292  0.003906  0.240885
60  119.240885  119.484375   0.006510  0.076823
52  111.661458  111.792969   0.007812  0.044271
83  111.851562  111.941927   0.237760  0.166667
69  119.182292  119.210938   0.247396  0.488281
61  114.925781  114.070312   0.000000  1.627604
52  191.167969  191.468750  0.147135   0.225260
65  161.753906  116.104167  0.014323   2.039062
68  161.196615  161.259115   0.192708  0.358073
58  169.009115  161.940104  0.130208   0.313802
76  115.042969  115.291667  0.320312   0.311198
70  119.790885  110.147135   0.841146  0.764323
47  119.609375  119.726562   0.009115  0.119792
85  119.391927  111.089844  0.190104   0.391927
56  111.756510  111.902344  0.007812   0.207031
57  112.212240 