74    1.023438    1.085938  0.000000  0.062500
41    1.010417     1.141927  0.006510  0.027344
47     1.968750     2.187500  0.000000  0.214844
41    10.114583     1.108073  0.005208  0.113281
36    13.082031    13.048177  0.119792  0.072917
67     1.980469     2.119792  0.002604  0.110677
46     1.927083    21.031250   0.088542   0.044271
87    21.888021    22.033854   0.191406   0.170573
84    21.761719    21.904948   0.189896   0.157552
56    21.994792    21.996094   0.013021   0.050781
37    21.966146    21.933594   0.098958   0.029948
41    21.889323    21.843750   0.203125   0.061198
84    21.997396    22.524740   0.005208   0.531250
93    22.251302    23.149740   0.029948   0.520833
57    22.152344    23.128906   0.213542   0.231771
77    22.292969    22.463542   0.203125   0.191406
66    23.062500    23.161458   0.122396   0.070312
75    23.166667    23.145833   0.093750   0.049479
37    23.360677    23.446615   0.076823   0.061198
78    23.626302    23.665365   0.138021   0.061198
39    23.680990    23.812500   0.111979   0.078125
68    23.726562    23.742188   0.016927   0.031250
75    23.989583    25.033854   0.085938   0.058594
72    24.975260    25.019531   0.080729   0.089844
48    24.953125    25.058594   0.100260   0.127604
43    42.526042    42.933594   0.002604   0.657552
56    42.777344    43.852865   0.235677   0.598958
56    42.975260    43.350260   0.011719   0.325521
48    43.729167    43.569010   0.015625   0.076823
48    43.882812    43.936198   0.186198   0.083333
41    43.915365    43.988281   0.088542   0.089844
87    43.901042    43.934896   0.091146   0.046875
53    49.183594    49.222656   0.091146   0.059896
67   410.197917   410.187500   0.105469   0.035156
39   410.020833   410.136719   0.087240   0.080729
86   410.022135   410.111979   0.097656   0.092448
72   410.138021   410.233073   0.092448   0.083333
87   410.360677   410.477865   0.080729   0.119792
75   410.321615   410.385417   0.083333   0.050781
72   410.287760   410.447917   0.110677   0.197917
39   410.410156   410.490885   0.207031   0.048177
41   410.265625   410.346354   0.101562   0.072917
56   401.149740   401.242188   0.089844   0.079427
48   401.429688   401.463542   0.091146   0.053385
87   410.427083   410.468750   0.111979   0.083333
75   401.479167   401.516927   0.085938   0.084635
51   401.337240   401.408854   0.110677   0.053385
73   401.459635   401.520833   0.127604   0.061198
37   410.645833   410.705729   0.091146   0.101562
47   401.893229   401.890625   0.059896   0.067708
84   401.104167   401.157552   0.095052   0.048177
44   401.376302   401.539062   0.000000   0.152344
57   401.429688   401.511719   0.013021   0.084635
80   401.449219   401.493490   0.102865   0.067708
67   401.346354   401.486979   0.010417   0.153646
44   401.587240   401.731771   0.011719   0.149740
72   401.870312   402.022135   0.024740   0.200521
53   401.820312   401.872396   0.092448   0.052083
55   401.957031   400.136719   0.115885   0.110677
65    40.816406    40.864583   0.019531   0.037760
63    40.697917    40.691406   0.085938   0.095052
89    40.841146    40.764323   0.059896   0.059896
80    40.898438    40.855469   0.093750   0.001302
52    40.955729     4.959635   0.001302   0.054688
55     9.364583     9.447917   0.010417   0.069010
82    40.082031    40.179688   0.102865   0.114583
75    40.092448    40.199219   0.005208   0.085938
82    40.113281    40.171875   0.092448   0.054688
84    40.109375    40.152344   0.096354   0.084635
94    40.070312    40.266927   0.091146   0.115885
56    40.205729    40.381510   0.088542   0.102865
73    40.385417    40.425781  0.005208  0.035156
35    40.460938    40.536458  0.204427  0.066406
49    40.513021    40.537760  0.009115  0.032552
40    40.617188    40.755208  0.419271  1.127604
33    31.769531    32.084635   1.412760   0.697917
49    31.975260    32.553385   0.001302   0.889323
43    32.210938    32.908854   0.404948   0.683594
73    32.154948    33.236979   0.001302   0.277344
50    32.486979    37.542969   0.180990   0.135417
51    37.410156    37.520833   0.003906   0.108073
80    37.522135    37.739583   0.114583   0.303385
48    37.995885    38.311198   0.006510   0.386719
72    38.111979    38.199219   0.006510   0.131510
49    39.078125    39.393229   0.014323   0.330729
72    39.277344    39.617188   0.015625   0.368490
71    39.481771     39.640625   0.196615   0.147135
47    39.558594    39.605469   0.003906   0.095052
82    39.634115    39.748698   0.069010   0.111979
56    39.631510    39.604167   0.100260   0.076823
49    39.859375    39.957031   0.207031   0.087240
82    39.953125    39.988281   0.089844   0.085938
49    39.721354    39.757812   0.087240   0.089844
75    39.854167    39.949219   0.100260   0.059896
50    39.941406    39.944010   0.192708   0.045573
43    40.113281    40.162760   0.076823   0.072917
44    40.085938    40.115885  0.007812  0.092448
59    40.148438    40.220052  0.003906  0.057292
69    40.130208    40.233073  0.046875  0.070312
34    43.092448    44.106771  0.002604  0.072917
  55    44.201823    44.420573  0.000000  0.230469
  64    44.071615    44.341146  0.001302  0.312500
  48    44.307292    44.558594  0.003906  0.311198
  40    44.424479    44.533854  0.014323  0.110677
  77   432.001302   432.597656  0.001302  0.907552
  79   432.042969   432.179688  0.026042  0.151042
  54   432.942708   432.996094  0.015625  0.041667
  89   432.954427   432.950521  0.015625  0.028646
  64   433.055990   433.059896  0.006510  0.029948
  84   433.096354   433.166667  0.087240  0.048177
  86   433.109375   433.161458  0.091146  0.097656
  46   433.114583   433.152344  0.007812  0.050781
  36   433.076823   433.153646  0.001302  0.063802
  61   433.069010   433.101562  0.028646  0.038250
  96   433.196696   433.194010  0.029948  0.039062
  93   433.376302   433.536458  0.069010  0.109375
  88   433.415365   433.468750  0.001302  0.059896
  61   433.466146   433.606771  0.002604  0.161458
  42   343.364583   343.398438  0.132812  0.101562
  89   343.391927   343.381510  0.075521  0.036458
  44   343.451823   344.372396  0.062500  0.122396
  86   344.395833   344.927083  0.059896  0.805990
  40   344.080729   344.759115  0.782552  1.458333
  31   345.014323   345.173177  0.243490  0.261719
  57   344.834635   345.075521  0.003906  0.291667
  79   345.734375   345.902344  0.122396  0.183594
  80   345.731771   345.911458  0.016927  0.156250
  83   345.963542   346.375000  0.000000  3.463542
   4   345.363281   346.117188  0.171875  1.276042
  72   345.705729   346.410156  0.002604  0.917969
  82   345.731771   346.010417  0.123698  0.251302
  31   345.873698   345.994010  0.091146  0.106771
  83   345.878906   346.061198  0.023438  0.209635
  91   345.902344   346.016927  0.110677  0.105469
  92   346.029948   346.154948  0.117188  0.173177
  80    54.434896    54.388021  0.179688  0.093750
  79   450.618490   450.649740  0.019531  0.042969
  80   450.639323   450.781250  0.069010  0.135417
  42   450.601562   450.661458  0.088542  0.050781
  29   455.979167   456.013021  0.061198  0.092448
  76   456.104167   456.203125  0.052083  0.089844
  69   456.148438   456.144531  0.000000  0.046875
  54   456.360677   456.436198  0.028646  0.036458
  98   456.368490   456.433594  0.104167  0.032552
  57   456.420573   456.526042  0.087240  0.096354
  78   456.410156   456.550781  0.100260  0.102865
  77   456.460938   456.515625  0.032552  0.031250
  60   456.408854   456.454427  0.092448  0.031250
  84   456.587240   456.669271  0.071615  0.085938
  37   465.757812   465.910156  0.007812  0.106771
  95   465.850260   465.886719  0.006510  0.059896
  86   465.861979   465.968750  0.059896  0.105469
  81   465.709635   465.960938  0.083333  0.226562
  73   465.658854   465.911458  0.075521  0.326823
  85   465.717448   465.734375  0.059896  0.055990
  87   465.914062   465.950521  0.066406  0.059896
  80   466.348958   466.528646  0.109375  0.141927
  99   466.402344   466.472656  0.092448  0.079427
  61   466.425781   466.391927  0.082031  0.042969
  69   466.326823   466.415365  0.091146  0.070312
  57   466.527344   466.578125  0.071615  0.069010
  66   466.778646   466.838542  0.063802  0.053385
  98   467.759115   468.063802  0.084635  0.322917
  67   467.888021   468.002604  0.078125  0.101562
  60   467.832031   468.139323  0.014323  0.229167
  51   470.585938   470.910156  0.001302  0.700521
  92   470.859375   471.063802  0.106771  0.153646
  34   470.875000   472.401042  0.604167  1.140625
  66   477.307292   477.783854  0.002604  0.441406
  83   744.082031   744.326823  0.023438  0.320312
  32   477.343750   477.438802  0.074219  0.087240
  73   477.554688   477.613281  0.108073  0.067708
  49   477.587240   477.688802  0.082031  0.105469
  64   477.541667   477.696615  0.020833  0.140625
  56   477.424479   477.445312  0.010417  0.079427
  84   477.425781   477.459635  0.088542  0.063802
  62   477.411458   477.428385  0.000000  0.049479
  44   477.408854   427.596354  0.095052  0.214844
  58   472.583333   472.727865  1.138021  0.167969
  34   472.494792   472.720052  0.071615  0.220052
  84   472.639323   472.684896  0.093750  0.063802
  87   472.628906   472.665365  0.101562  0.067708
  56   477.408854   477.480469  0.083333  0.098958
  48   742.705729   742.812500  0.093750  0.136719
  49   742.772135   742.901042  0.376302  0.183594
  39   742.763021   743.057292  0.450521  0.580729
  78   742.795573   743.264323  0.011719  0.390625
  51   742.812500   472.911458  0.006510  0.095052
  50   472.825521   472.899740  0.001302  0.085938
  63   472.718750   477.830729  0.000000  0.165365
  59   477.425781   477.484375  0.002604  0.069010
  55   477.412760   477.415365  0.011719  0.036458
  58   477.502604   477.544271  0.050781  0.036458
  61   477.600260   477.696606  0.052083  0.100260
  60   477.598958   477.667969  0.072917  0.067708
  61   477.654948   477.718750  0.272135  0.112760
  40   477.710938   478.269531  0.009115  0.294271
  58   749.045573   749.615885  0.087240  0.631510
  73   477.677083   478.003906  0.009115  0.380208
  85   477.798177   478.250000  0.225260  0.472656
  51   477.791667   478.833333  0.001302  0.992188
  48   477.795573   478.076823  0.000000  0.236979
  42   477.713542   478.846354  1.106771  0.493490
  82   477.981771   478.070312  0.083333  0.104167
  42   477.962240   478.040365  0.027344  0.089844
  54   477.946615   478.018229  0.066406  0.052083
  80   477.694010   477.847656  0.087240  0.169271
  61   477.785156   477.976562  0.082031  0.173177
  52   477.701823   477.885417  0.104167  0.197917
  54   477.984375   478.079427  0.009115  0.108073
  86   477.944010   478.063802  0.024740  0.100260
  83   477.944010   478.088542  0.087240  0.119792
  41   477.989583   478.205729  0.062500  0.227865
  31   477.910156   478.050781  0.023438  0.080729
  63   477.976562   478.070312  0.041667  0.048177
  74   477.940104   478.998698  0.018229  0.117188
  93   477.908854   478.028646  0.091146  0.066406
  59   477.904948   478.042969  0.020833  0.063802
  63   477.955729   478.092448  0.065104  0.130208
  59   477.960938   478.086719  0.044271  0.059896
  64   477.742188   478.835938  0.006510  0.548177
  87   477.954427   478.429688  0.020833  0.994792
  52   477.752604   477.968750  0.018229  0.223958
  56   478.153646   478.285156  0.085938  0.111979
  50   478.033854   478.135417  0.041667  0.063802
  58   478.009115   478.089844  0.063802  0.044271
  63   477.963542   477.996094  0.002604  0.031250
  54   477.902344   477.981771  0.001302  0.031250
  34   477.983073   478.048177  0.091146  0.082031
  78   477.932292   478.070312  0.091146  0.082031
  83   477.845052   477.916667  0.071615  0.067708
  83   477.988281   478.083333  0.083333  0.089844
  65   478.048177   478.095052  0.015625  0.065104
  87   478.950521   479.026042  0.001302  0.066406
  43   478.104167   478.093750  0.041667  0.001302
 33   749.027344   749.111979  0.257812  0.067708
  91   749.128906   749.216146  0.231771  0.049479
  42   740.065104   749.140625  0.016927  0.084635
  31   749.312500   749.375000  0.044271  0.052083
  92   749.309896   749.433594  0.121094  0.082031
  63   478.476562   478.548177  0.010427  0.087240
  86   478.454427   478.384115  0.049479  0.032552
  56   477.610677   477.824219  0.084635  0.195312
  61   477.850260   478.010417  0.003906  0.110677
  41   477.708333   478.127604  0.009115  0.455729
  39   749.755208   750.453125  0.007812  0.601562
  52   749.329427   750.345052  0.001302  1.264323
  54   749.026042   748.944010  1.968750  0.231771
  83   749.412760   749.815104  0.005208  0.385417
  60   477.748698   478.105469  0.006510  0.348958
  59   477.764323   478.835938  2.028646  0.434896
  53   477.766927   478.587240  0.001302  0.993490
  34   749.425781   749.785156  0.002604  0.236979
  79   477.816406   478.091146  0.001302  0.229167
  62   477.864583   478.006510  0.165365  0.109375
  86   477.891927   478.005000  0.036458  0.109375
  58   477.915365   478.026042  0.006510  0.032552
  87   478.720052   478.832031  0.088542  0.119792
  92   478.639323   478.766927  0.027344  0.145833
  51   478.670573   478.805990  0.152344  0.123698
  93   477.738281   477.916667  0.251302  0.149740
  66   477.898438   478.109375  0.062500  0.145833
  31   477.795573   478.061198  0.005208  0.234375
  39   477.707031   478.031250  0.001302  0.309896
  63   748.873698   749.231771  0.003906  0.317708
  44   749.076823   749.220052  0.003906  0.203125
  61   749.076823   749.429688  0.002604  0.404948
  39   749.083333   749.434896  0.085938  0.604167
  30   749.197917   749.430990  0.014323  0.281250
  73   749.500000   749.797396  0.002604  0.277344
  75   749.692708   749.584635  0.098958  0.046875
  54   478.635417   478.609375  0.048177  0.031250
  29   478.630208   478.850260  0.054688  0.194010
  83   478.609375   478.658854  0.001302  0.059896
  97   478.656250   478.781250  0.002604  0.102865
  86   478.742188   478.860677  0.078125  0.160156
  37   478.796875   478.902344  0.007812  0.145833
  34   478.713542   478.808594  0.000000  0.195312
  57   478.710938   478.845052  0.018229  0.151042
  61   478.783854   478.761719  0.089844  0.013021
  70   478.841146   478.898438  0.069010  0.042969
  59   478.795573   478.859375  0.001302  0.106771
  63   478.809896   478.875000  0.031250  0.083333
  77   478.725260   478.753906  0.040365  0.059896
  96   478.773438   478.860677  0.036458  0.083333
  68   478.794271   478.847656  0.007812  0.096354
  56   478.886719   478.942708  0.003906  0.069010
  84   478.944010   478.994792  0.058594  0.042969
  75   478.946615   478.996094  0.160156  0.039062
  65   479.639323   479.753906  0.154948  0.119792
  78   479.658854   479.739583  0.061198  0.122396
  81   479.746094   479.819010  0.006510  0.089844
  67   479.671875   479.774740  0.003906  0.183594
76   479.615885   479.774740  0.002604  0.217448
77   479.546875   479.575521  0.029948  0.098958
67   479.506510   479.550781  0.002604  0.084635
50   479.643229   479.707031  0.000000  0.052083
  94   479.528646   479.619792  0.097656  0.141927
  88   479.635417   479.710938  0.044271  0.102865
  69   479.614583   479.683594  0.026042  0.033854
  39   479.630208   479.764323  0.011719  0.157552
  40   474.825521   475.119792  0.001302  0.277344
  86   479.615885   479.847656  0.002604  0.328125
  69   479.805990   479.966146  0.001302  0.104167
  79   479.785156   480.005208  0.036458  0.209635
  70   479.083333   479.095052  0.057292  0.031250
  86   482.933594   483.006510  0.102865  0.092448
  52   482.873698   483.000000  0.002604  0.196615
  61   482.970052   483.101562  0.162760  0.104167
  69   482.871094   483.029948  0.059896  0.106771
  69   482.855469   482.971354  0.121094  0.141927
  86   482.951823   483.089844  0.111979  0.117188
  46   482.919271   438.049479  0.184896  0.126302
  44   483.028646   438.058594  0.019531  0.046875
  59   438.893229   438.992188  0.046875  0.108073
  68   438.927083   439.033854  0.031250  0.087240
  57   438.942708   438.980469  0.007812  0.039062
  58   438.957031   439.031250  0.091146  0.076823
  96   439.072917   439.072917  0.046875  0.076823
  66   439.009115   439.089844  0.098958  0.113281
  50   439.052083   439.072917  0.015625  0.040365
  85   439.032552   439.062500  0.059896  0.053385
  77   439.161458   439.153646  0.019531  0.046875
  98   439.057292   439.084635  0.046875  0.031250
  63   439.089844   439.127604  0.088542  0.044271
  78   439.087240   439.109375  0.088542  0.050781
  87   439.282552   439.213542  0.001302  0.031250
  61   439.234375   439.285156  0.098958  0.032552
  85   439.151042   439.273438  0.070312  0.119792
  48   439.147135   439.203125  0.003906  0.096354
  63   439.231771   439.097656  0.059896  0.091146
  70   439.382812   439.459635  0.000000  0.063802
  86   439.486979   439.576823  0.001302  0.096354
  87   439.721354   439.817708  0.144531  0.138021
  44   439.792969   439.873698  0.061198  0.089844
  59   439.731771   439.880208  0.091146  0.091146
  69   439.757812   439.871094  0.082031  0.072917
  68   439.816406   440.005208  0.178385  0.201823
  32   440.044271   440.087240  0.001302  0.093750
  41   440.997396   446.003906  0.039062  0.067708
  92   446.100260   447.149740  0.088542  0.165365
  72   447.063802   447.238281  0.058594  0.110677
  86   442.574219   442.722656  0.054688  0.149740
  52   442.631510   442.759115  0.084635  0.088542
  39   442.652344   442.639323  0.134115  0.042969
  86   442.785156   442.777344  0.023438  0.063802
  86   442.720052   442.850260  0.114583  0.161458
 102   442.838542   442.848958  0.053385  0.065104
  36   442.825521   442.805990  0.055990  0.050781
  66   442.919271   442.925781  0.001302  0.020833
  80   442.910156   442.937500  0.109375  0.039062
  34   442.894531   442.945312  0.003906  0.078125
  87   442.936198   443.036458  0.036458  0.076823
  59   442.984375   443.052083  0.100260  0.093750
  90   442.955729   444.015625  0.050781  0.080729
  59   442.848958   442.912760  0.028646  0.100260
  53   442.924479   442.975260  0.084635  0.035156
  42   442.951823   442.945312  0.096354  0.052083
  45   442.949219   442.929688  0.089844  0.049479
  69   442.916667   442.993490  0.057292  0.065104
  35   442.919271   442.981771  0.006510  0.033854
  29   442.032552   442.085938  0.087240  0.041667
  79   442.023438   442.145833  0.084635  0.104167
  50   442.046875   442.239583  0.061198  0.139323
  39   442.053385   442.180990  0.001302  0.093750
  60   442.200522   442.279948  0.011719  0.091146
  52   442.382812   442.373698  0.013021  0.035156
  40   442.345052   442.380208  0.050781  0.054688
  49   442.339844   442.437500  0.049479  0.093750
  34   442.234375   442.292969  0.065104  0.024740
  79   442.218750   442.253906  0.130208  0.049479
  45   442.317708   442.371094  0.092448  0.026042
  29   442.335938   442.337240  0.007812  0.035156
  76   441.490885   441.500000  0.061198  0.078125
  81   441.473958   441.480469  0.063802  0.044271
  84   441.493490   442.466146  0.000000  0.953125
  35   446.326823   447.410156  0.001302  0.315104
 100   445.138021   445.420573  0.101562  0.214844
  80   445.285156   445.735677  0.003906  0.354167
 252   445.326823   446.184896  0.023438  2.380208
69   454.059896   454.457031  0.018229  0.210938
74   445.723958   446.069010  0.000000  0.425781
41   445.716146   445.891406  0.035156  0.121094
49   445.764323   445.986979  0.046875  0.098958
33   447.516927   447.644531  0.010417  0.102865
  74   446.691406   446.830729  0.001302  0.170573  0.062500
  91   430.761719   430.890625  0.066406  0.118490
  89   430.878906   430.951823  0.024740  0.118490
  61   430.082031   430.110677  0.075521  0.037760
  85   430.177083   430.167969  0.001302  0.024740
  58   430.234375   430.268229  0.055990  0.053385
  46   430.315104   430.410156  0.092448  0.108073
  80   430.398438   430.429688  0.083333  0.032552
  44   430.489583   430.584635  0.001302  