74    1.023438    1.085938  0.000000  0.062500
62    1.164062    1.434896  0.001302  0.037760
44    1.027344    1.036458  0.000000  0.039062
40    1.300781    1.346354  0.082031  0.037760
31   12.449219   12.533854  0.002604  0.082031
49   12.546875   12.520833  0.093750  0.001302
52   12.557292   12.691406  0.311198  0.049479
36   12.453125   12.473958  0.078125  0.083333
79   12.504219   12.606771  0.160156  0.054688
83   15.175781   15.113281  0.062500  0.070312
52   15.123698   15.154948  0.048177  0.028646
90   15.300781   15.345052  0.071615  0.089844
69   15.178385   15.182292  0.074219  0.057292
38   15.330729   15.526042  0.006510  0.421875
47   15.450521   15.553385  0.175781  0.119792
79   15.475260   15.471354  0.143229  0.041667
79   61.019531   61.053385  0.092448  0.069010
70   15.776042   15.872396  0.089844  0.095052
59   61.977865   76.080729  0.127604  0.046875
55   71.626302   71.626302  0.105469  0.067708
67   71.115885   71.156250  0.000000  0.055990
50   71.332031   71.414062  0.063802  0.123698
52   71.307292   71.404948  0.007812  0.057292
68  260.375000  260.454427  0.101562  0.069010
75  260.635417  260.658854  0.119792  0.050781
45  260.720052  260.765625  0.093750  0.059896
81  260.740885  260.864583  0.003906  0.067708
50  267.046875  267.136719  0.011719  0.148438
57  267.130208  267.303385  0.003906  0.177083
47  267.195312  267.359375  0.134115  0.158854
68  267.381719  267.533854  0.190104  0.227865
44  267.378906  267.514323  0.203125  0.134115
67  265.174479  265.151042  0.001302  0.076823
55  265.160156  265.307292  0.119792  0.084635
59  266.332031  266.390625  0.101562  0.050781
37  266.329427  266.320312  0.082031  0.109375
55  266.425781  266.548177  0.101562  0.052083
64  266.423177  266.436198  0.018229  0.067708
71  260.472656  260.697917  0.102865  0.119792
74  260.526042  260.611979  0.183594  0.044271
34  260.269531  260.311198  0.134115  0.053385
49  260.227656  260.165365  0.002604  0.082031
74  260.326823  260.434896  0.033854  0.059896
58  260.523438  260.351562  0.309896  0.078125
43  260.854167  260.712240  0.079427  0.054688
60  260.860677  260.950521  0.003906  0.104167
50  260.851562  260.894531  0.082031  0.106771
61  260.821615  260.984375  0.002604  0.045573
40  266.033854  266.234375  0.192708  0.199219
73  260.928385  261.085938  0.005208  0.119792
79   71.415365   71.481771  0.071615  0.091146
52   71.337240   71.386719  0.128906  0.082031
52   71.471354   71.645833  0.084635  0.048177
87   71.269531   71.628906  0.007812  0.546875
55   71.313802   71.472656  0.190104  0.238281
57   71.304688   71.347656  0.108073  0.079427
55   71.131510   71.115885  0.000000  0.055990
62  207.032552  207.152344  0.117188  0.117188
59  207.001302  207.074219  0.115885  0.069010
83  207.377604  207.182292  0.111979  0.187500
71  205.890625  250.970052  0.104167  0.076823
35  270.554688  270.765625  0.152344  0.180990
33  270.813802  270.942708  0.136719  0.046875
48  270.815104  270.915365  0.007812  0.123698
69  270.798177  270.877604  0.108073  0.108073
41  270.752604  270.843750  0.006510  0.039062
80  270.950521  270.917969  0.003906  0.217448
57   27.937500   27.950521  0.196615  0.045573
70   27.871094   27.838542  0.005208  0.041667
79   27.832031   28.003906  0.002604  0.187500
62   27.299479   27.438802  0.178385  0.195312
73   27.046875   27.343750  0.180990  0.494792
33   27.437500   27.654948  2.430990   1.236979
73   27.850260   28.701823  0.045573   1.796875
60   25.972656   27.684896  0.001302  0.542969
78   27.427083   27.781250  0.234375  0.430990
71   27.756510   27.951823  0.127604  0.251302
60   27.832031   28.940104  0.088542  0.087240
55   72.951823   73.048177  0.114583  0.067708
83   72.729167   72.690104  0.164062  0.055990
43   72.726562   72.915365  0.000000  0.123698
48  270.020833  270.187500  0.029948  0.076823
35  272.177083  272.130208  0.075521  0.067708
64  271.264323  271.285156  0.027344  0.063802
58  271.130208  271.205729  0.002604  0.183594
78  270.351562  270.375000  0.078125  0.057292
65  270.424479  270.622396  0.153646  0.182292
66  270.630208  270.804688  0.082031  0.132812
64  270.899740  270.934896  0.093750  0.046875
57  270.865885  270.891927  0.016927  0.065104
67  270.529948  270.601562  0.006510  0.067708
83  270.480469  270.529948  0.006510  0.027344
77   72.850260   72.984375  0.123698  0.095052
33  270.608073  270.540365  0.108073  0.046875
63  277.046875  277.104167  0.071615  0.122396
83  277.317708  277.361979  0.000000  0.091146
61  277.307292  277.419271  0.001302  0.055990
35  272.686198  272.829531  0.018229  0.001302
64  272.895833  272.846354  0.007812  0.049479
84  272.816406  272.829427  0.097656  0.059896
73  277.110677  277.313802  0.084635  0.098958
50  277.270833  277.414062  0.419271  0.053385
48  277.459635  277.843750  0.000000  0.197917
39  277.777344  277.807292  0.144531  0.088542
64  277.359375  277.541667  0.022135  0.072917
75  277.567708  277.653646  0.061198  0.058594
69  277.779948  278.708333  0.022135  2.664062
72  277.998698  278.011719  0.007812  0.108073
79  278.967448  279.044271  0.078125  0.055990
68  278.854167  278.938802  0.192708  0.100260
38  279.200521  279.203125  0.105469
  88    28.644531    28.593419  0.000000  0.076823
  63   209.066406   209.214844  0.076823  1.084635
  64   209.015625   209.184896  0.006510  0.049479
  91   209.955729   209.993490  0.009115  0.067708
  62   209.824219   209.872396  0.015625  0.037760
  94   209.134115   209.375000  0.007812  0.583333
  71   218.776042   282.842448  0.014323  2.178385
  64   281.321615   281.519531  0.002604  0.332031
  51   281.154948   282.175781  0.003906  0.134115
  74   282.408854   282.628906  0.032552  0.234375
  77   282.574219   282.805990  0.001302  0.234375
  61   282.476562   282.501302  0.007812  0.082031
  63   282.493490   283.028646  0.674479  0.371094
  43   282.940104   283.011719  0.256510  0.111979
  67   283.019531   283.126302  0.000000  0.058594
  92   282.429688   282.471354  0.002604  0.115677
  63   282.531250   282.593750  0.003906  0.066406
  44   282.294271   282.432292  0.282552  0.143229
  42   282.367188   282.554688  0.187500  0.227865
  53   282.708333   282.876302  0.157552  0.067708
  90   282.776042   282.821615  0.028646  0.071615
  85   282.817708   282.950521  0.114583  0.027344
  60   282.878906   282.894531  0.044271  0.085938
  68   278.975260   278.967448  0.002604  0.126302
  47   278.962240   279.865885  0.684896  0.255208
35   279.308594   280.321615  0.000000  0.963542
71   279.417969   289.876302  0.795573  0.781250
60   282.093750   282.785156  0.000000  0.679688
31   282.505208   283.641927  0.378906  1.102865
54   282.645833   282.727865  0.005208  0.197917
59   282.815104   283.153646  0.182292  0.191406

6   283.037760   284.125000  0.473958  0.109375
62   283.085938   284.076823  0.007812  0.055990
  64   283.492188   283.522135  0.080729  0.035156
  55   283.253906   283.316406  0.002604  0.024740
  70   283.178385   283.296875  0.002604  0.053385
  77   283.572917   283.649740  0.093750  0.049479
  77   283.919271   283.959635  0.001302  0.114583
  29   280.824219   281.156250  0.001302  0.234375
  59   280.832031   280.976562  0.005208  0.221354
  71   280.545573   280.690104  0.078125  0.054688
  58   280.654948   280.671875  0.000000  0.050781
  71   280.423177   280.466146  0.134115  0.132812
  56   280.218750   280.338542  0.005208  0.527344
  39   280.256510   280.453125  0.372396  0.377604
  76   372.178385   372.360677  0.062500  0.132812
  66   372.563802   372.826823  0.143229  0.152344
  76   372.408854   372.519531  0.076823  0.170573
  77   372.555990   372.683594  0.027344  0.045573
  81   372.730469   372.692708  0.151042  0.092448
  75   373.408854   373.583333  0.006510  0.087240
  66   373.522135   373.466146  0.083333  0.069010
  89   373.446615   373.395833  0.066406  0.080729
  82   373.513021   373.468750  0.054688  0.048177
  73   373.424479   373.505208  0.027344  0.093750
  68   373.449219   373.457031  0.013021  0.036458
  87   373.652344   373.712240  0.164062  0.055990
  78   373.421875   373.367188  0.001302  0.049479
  89   352.824219   352.872396  0.093750  0.078125
  82   352.787760   352.890625  0.111979  0.050781
  90   352.615885   352.673177  0.079427  0.101562
  68   352.488281   352.593750  0.141927  0.041667
  62   530.278646   530.330729  0.000000  0.055990
  95   530.437500   503.451823  0.001302  0.033854
  43   503.156250   503.227865  0.109375  0.076823
  58   503.195312   503.210938  0.183594  0.066406
 000  352.260417  352.205729  0.078125  0.106771
60  326.160156  326.223958  0.117188  0.135417
57  326.371094  326.351562  0.075521  0.062500
78  326.430990  326.595052  0.040365  0.097656
83  352.282552  352.320312  0.098958  0.069010
88  352.763021  352.824219  0.049479  0.100260
65  352.753906  375.001302  0.096354  0.180990
67  375.436198  358.601562  0.750000  0.328126
48  375.084635  375.928385  0.227865  0.087240
53  357.186198  357.231771  0.002604  0.070312
52  357.371094  357.312500  0.069010  0.039062
84  357.355469  357.421875  0.003906  0.033854
87  357.341146  357.455729  0.003906  0.053385
45  357.459635  357.457031  0.083333  0.080729
55  357.144531  357.208333  0.011719  0.049479
89  537.326823  537.481771  0.002604  0.046875
52  536.265625  536.334635  0.122396  0.057292
84  356.397135  356.442708  0.079427  0.027344
84  356.591146  356.625000  0.074219  0.033854
88  356.652344  356.721354  0.037760  0.048177
45  356.552083  355.662760  0.075521  0.054688
52  356.921875  356.992188  0.001302  0.035156
84  356.699219  356.778646  0.002604  0.048177
76  356.364583  356.408854  0.083333  0.027344
43  356.466146  356.592448  0.088542  0.074219
52  356.893229  356.993490  0.065104  0.104167
43  356.097656  356.152344  0.000000  0.053385
79  356.325521  356.432292  0.052083  0.079427
85  356.192708  356.196615  0.071615  0.050781
79  356.954427  356.986979  0.080729  0.058594
52  356.878906  356.939583  0.001302  0.071615
46  375.507812  375.561198  0.088542  0.067708
60  375.330729  375.352865  0.078125  0.050781
63  375.423177  375.593750  0.007812  0.049479
50  518.611979  518.652344  0.074219  0.095052
70  567.645833  567.764323  0.006510  0.057292
73  367.825521  367.891927  0.005208  0.031250
42  367.351562  367.505208  0.143229  0.251302
74  367.445312  367.803385  0.182292  0.149740
69  650.390625  506.553385  0.109375  0.076823
75  365.509115  365.662760  0.108073  0.136719
59  365.604167  356.755208  0.075521  0.062500
50  356.493490  356.601562  0.093750  0.089844
90  356.417969  356.503906  0.164062  0.134115
55  356.680990  356.855260  0.018229  0.074219
84  356.583333  356.644531  0.002604  0.040365
55  356.851562  357.052083  0.076823  0.065104
38  356.850260  356.925781  0.093750  0.037760
89  356.825521  356.949219  0.032552  0.028646
48  356.738281  356.785156  0.005208  0.046875
55  550.884115  550.914062  0.080729  0.083333
55  550.917969  551.013021  0.076823  0.078125
55  375.588542  375.641927  0.011719  0.048177
51  357.717448  538.053385  0.183594  0.152344
44  536.885417  536.964844  0.108073  0.082031
72  551.908854  552.979167  0.075521  0.062500
82  550.794271  550.804688  0.002604  0.035156
80  357.641927  357.738281  0.007812  0.031250
72  357.365885  357.473958  0.171875  0.079427
57  357.239583  357.356771  0.076823  0.078125
72  357.434896  538.529948   0.148438  0.554688
35  507.355469  509.415365   0.001302  0.427083
61  558.059896  559.152344   0.002604  0.196615
45  556.059896  556.273438   0.007812  0.170573
66  555.466146  555.805990   0.000000  0.404948
59  555.437500  555.988671   0.001302  6.606771
74  555.268229  556.169271   0.009115  1.464844
71  550.953125  551.046875   0.005208  0.175781
64  555.105469  555.133594   0.197917  0.149740
71  553.739583  553.916667   0.187500  0.149740
66  550.544271  550.705729   0.005208  0.158854
42  550.722656  550.716146   0.161458  0.183594
60  555.334635  555.460938   0.001302  0.175781
78  553.125000  555.355469   0.001302  0.294271
63  553.156250  553.477865   0.164062  0.197917
74  555.385417  555.694010   0.000000  0.131510
78  553.388021  553.535156   0.164062  0.173177
71  553.170573  553.718750   0.151042  0.190104
59  555.747396  551.088542   0.166667  0.158854
62  550.177083  550.345052   0.005208  0.158854
61  551.636719  551.968750   0.003906  0.419271
73  558.319010  558.632812   0.010417  0.187500
45  557.934896  557.914062   0.158854  1.119792
59  558.126302  558.265625   0.141927  0.299479
83  557.730469  557.936198   0.199219  0.157552
62  557.748698  557.880208   0.035156  0.160156
62  557.695312  557.805990   0.350260  0.199219
41  557.445312  557.467448   0.179688  0.191406
64  563.557292  563.621094   0.197917  0.035156
35  563.403646  563.408854   0.143229  0.106771
74  556.535156  556.791667   0.005208  0.178385
59  556.486979  555.721354   0.171875  1.104167
47  556.395833  557.403646   0.006510  1.096354
60  558.364583  559.460938   0.000000  0.303385
66  558.035156  556.135417   0.149740  0.138021
71  555.997396  556.048177   0.175781  0.035156
52  556.819010  556.859375   0.229167  0.059896
55  557.033854  556.161458   0.093750  0.147135
40  550.809896  551.106771   0.089844  0.187500
69  550.786458  551.398438   0.003906  0.454427
59  551.713542  552.045573   0.111979  0.087240
78  552.343750  552.394531   0.320312  0.191406
63  553.225260  553.713542   0.000000  0.227865
59  553.483073  553.888021   0.178385  0.188802
42  555.467448  555.914062   0.157552  0.352865
57  553.199219  554.242188   0.005208  0.531250
50  555.354167  555.585938   0.027344  0.251302
59  556.361979  555.651042   0.583333  0.259115
66  556.471354  556.958333   0.005208  0.583333
55  555.980469  556.169271   0.001302  0.294271
45  556.710938  557.015625   0.005208  0.145833
73  556.082031  556.169271   0.001302  0.175781
68  556.326823  556.175781   0.009115  0.140625
68  550.794271  550.955729   0.151042  0.205729
62  556.164062  556.253906   0.187500  0.212240
62  556.292969  556.269531   0.242188  0.623698
54  556.218750  556.479167   0.156250  0.192708
47  550.139323  550.553385   0.003906  0.522135
71  553.343750  555.483073   0.000000  0.635417
67  555.123698  555.303385   0.579427  0.234375
49  550.345052  553.351562   0.197917  0.204427
47  550.255000  550.420573   0.006510  0.428385
52  552.174479  552.748698   0.003906  0.219531
69  556.295573  556.462240   0.187500  0.154946
69  556.268229  556.608073   0.002604  1.010417
70  550.725260  551.114583   0.188802  0.700521
61  551.296875  552.063802   0.178385  0.153646
66  550.757812  551.053385   0.007812  0.147135
62  556.544271  556.600260   0.148438  0.119792
72  556.557892  556.678385   0.033854  0.151042
37  557.502604  556.876302   0.009115  0.458333
59  555.743490  556.057292   0.003906  0.164062
56  556.582031  556.845052   0.152344  0.178385
79  557.429688  557.704427   0.011719  0.158854
61  556.443750  556.835938   0.003906  0.373698
72  556.277344  556.484375   0.016927  0.329427
44  556.259115  556.343750   0.157552  0.139323
60  565.444010  565.649740   0.127604  0.299479
55  565.460938  565.542969   0.001302  0.165365
66  556.093750  556.192708   0.027344  0.001302
45  556.376302  556.416667   0.005208  0.091146
83  556.305990  556.490885   0.207031  0.174479
59  555.574219  555.819010   0.000000  0.177083
79  555.454427  555.712240   0.000000  0.359375
45  555.704427  556.115885   0.011719  0.343750
49  557.196615  557.514323   0.007812  0.097656
63  557.355469  557.434896   0.009115  0.234375
45  558.289062  559.533854   0.046875  0.296875
57  557.554688  557.742188   0.003906  0.244792
57  556.664062  556.851562   0.003906  0.031250
71  556.062500  556.104167   0.153646  0.027344
70  550.855469  551.059896   0.180990  0.157552
47  505.187500  505.338542   0.001302  0.535156
59  551.587240  551.796875   0.001302  0.154948
64  556.174479  556.281250   0.117188  0.114583
74  556.291667  556.367188   0.000000  0.145833
69  556.428385  556.636719   0.010417  0.200521
78  555.852865  556.149740   0.001302  0.236979
60  557.654948  559.751302   0.010417  0.466146
69  557.595052  557.872396   0.006510  0.298177
86  558.169271  558.661458    5.003906  0.260417  0.430990
53   53.843750   53.985677  0.007812  0.075521
55   53.869792   54.075521  0.128906  0.098958
52   53.921875   53.981771  0.078125  0.059896
76   35.484375   35.513021  0.089844  0.082031
32   35.378906   35.355469  0.028646  0.049479
32   35.130208   35.108073  0.085938  0.092448
79   35.207031   35.320312  0.083333  0.069010
83   35.287760   35.270833  0.001302  0.135417
59   35.141927   35.162760  0.087240  0.050781
83   35.100260   35.183594  0.009115  0.074219
41   35.110677   35.143229  0.082031  0.100260
88   35.257812   35.274740  0.117188  0.106771
50   35.130208   35.243490  0.037760  0.139323
93   35.548177   35.608073  0.057292  0.050781
69   36.604167   36.661458  0.005208  0.045573
48   36.678385   36.876302  0.078125  0.035156
52   36.888021   37.091146  0.132812  0.154948
51   36.963542   37.016927  0.003906  0.033854
77   37.014323   37.253906  0.307292  0.191406
66   37.518229   37.674479  0.006510  0.188802
64   53.072917   54.106771  0.111979  0.067708
60  250.877604  251.701042  0.382812  0.505208
79  250.644531  250.868490  0.001302  0.052083
41  250.768229  250.773438  0.087240  0.045573
52  250.830729  250.825521  0.005208  0.093750
75  250.871094  250.921875  0.080729  0.046875
79  250.714844  250.864583  0.170573  0.078125
79  250.753906  250.847656  0.085938  0.087240
73  250.899740  250.944010  0.097656  0.076823
40  250.825521  250.924479  0.188802  0.092448
67  250.787760  251.122396  0.160156  0.454427
64  250.794271  250.950521  0.199219  0.165365
37  250.962240  250.936198  0.002604  0.040365
32  250.895833  250.996094  0.001302  0.108073
48  250.971354  250.994792  0.127604  0.136719
59  250.785156  250.743490  0.000000  0.085938
36  250.800781  250.893229  0.098958  0.048177
41  250.994792  250.967448  0.075521  0.059896
52  250.701823  250.654948  0.001302  0.082031
53  250.348958  250.309896  0.089844  0.058594
35  250.204427  250.300781  0.020833  0.046875
54  250.095052  250.110677  0.009115  0.049479
48  250.055990  250.141927  0.154948  0.106771
76  205.321615  250.510417  0.354167  0.080729
48  250.532552  250.694010  0.128906  0.087240
60  250.490885  250.608073  0.453125  0.251302
38  250.358073  250.514323  0.015625  0.169271
76  250.434896  250.462240  0.007812  0.046875
43  250.654948  250.677083  0.007812  0.089844
71  250.526042  250.658854  0.105469  0.048177
59  250.666667  250.627604  0.020833  0.079427
59  250.778646  250.933594  0.092448  0.078125
75  250.919271  250.998698  0.119792  0.053385
84  250.932292  250.996094  0.097656  0.118490
52  250.973958  250.971354  0.144531  0.082031
85  250.947917  251.054688  0.091146  0.098958
36  250.928385  250.976562  0.098958  0.096354
48  250.621094  250.665365  0.170573  0.058594
34  250.805990  205.731771  0.182292  0.079427
50  250.678385  250.852865  0.007812  0.052083
43  250.675781  250.562500  0.083333  0.059896
43  250.690104  520.773438  0.128906  0.053385
54  256.679688  256.750000  0.000000  0.074219
64  256.691406  256.665365  0.091146  0.072917
34  256.528646  256.587240  0.180990  0.065104
55  256.545573  526.467740  0.126302  0.046875
38  256.391927  256.692708  0.011719  0.171875
60  256.514323  256.591146  0.117188  0.053385
41  256.458333  256.455729  0.093750  0.040365
52  265.962240  265.967448  0.087240  0.055990
59  265.752604  265.713542  0.128906  0.040365
50  265.708333  265.753906  0.069010  0.023438
66  265.777344  265.946615  0.001302  0.100260
38  256.877604  257.342448  0.003906  0.394531
60  257.092448  257.093750  0.152344  0.078125
79  257.785156  257.805990  0.066406  0.079427
83  257.741615  257.832031  0.007812  0.089844
51  257.670573  257.707031  0.106771  0.045573
62  257.866667  257.893229  0.092448  0.001302
88  257.906250  259.345052  0.005208  0.567708
41  257.958333  258.040365  0.002604  0.097656