74    1.023438    1.085938  0.000000  0.062500
57    1.260417    1.424479  0.007812  0.102865
49    1.365885    1.632812  0.164062   0.270833
76   12.473958   12.735677  0.101562   0.264323
73   12.602865   12.983073  0.166667   0.299479
55   12.643229   12.847656  0.483073   0.139323
61   12.733073   12.885417  0.229167   0.147135
41   12.733073   12.946615  0.222656   0.270833
67   12.813802   12.966146  0.019531   0.118490
67   21.049479   21.305990  0.207031   0.292969
52   21.398438   21.750000  0.281250   0.321615
61   21.532552   21.673177  0.119792   0.104167
76   21.725260   21.901042  0.373698  0.213542
55   21.912760   22.225260   0.007812  0.984375
52   21.632812   22.299479   0.000000  0.334635
73  217.561198  217.619792   0.001302  0.058594
62  217.600260  217.585938   0.015625  0.074219
85  217.580729  217.744792   0.003906  0.125000
73  217.627604  217.645833   0.007812  0.049479
50  217.921875  220.106771   0.010417  0.175781
50  221.911458  221.932292   0.141927  0.035156
76  221.763021  221.841146   0.007812  0.029948
67  221.739583  221.669271   0.014323  0.033854
33  221.657552  221.774740   0.000000  0.136719
66  221.725260  221.746094   0.018229  0.033854
75  221.742188  221.688802   0.018229  0.048177
64  226.104167  226.136719   0.225260  0.057292
68  226.273438  226.333333   0.265625  0.071615
23  226.372396  226.502604   0.006510  0.134115
57  252.200521  252.260417   0.136719  0.048177
64  252.303385  252.450521   0.006510  0.091146
67  252.600260  252.755208   0.273438  0.122396
71  252.625000  252.696615   0.001302  0.119792
65  252.638021  252.785156   0.002604  0.169271
57  252.665365  252.781250   0.059896  0.098958
61  257.470052  257.466146   0.001302  0.042969
64  256.113281  256.274740   0.007812  0.153646
78  256.201823   571.240885   0.005208   0.093750
39   526.356771   526.411458   0.005208   0.092448
44   526.330729   526.385417   0.011719   0.079427
56   572.494792   572.584635   0.023438   0.069010
67   572.343750   572.470052   0.226562   0.117188
63   755.394531   755.701823   0.003906   0.907552
51   571.511719   574.062500   0.027344   0.462240
44   755.250000   755.494792   0.222656   0.272135
63   755.394531   755.480469   0.005208   0.260417
56   755.454427   755.773438   0.160156   0.358073
55   756.639323   756.815104   0.227865   0.277344
57   756.511719   756.904948   0.005208   0.351562
60   756.273438   756.434896   0.011719   0.199219
77   756.408854   756.990885   0.223958   0.894531
55   756.571615   757.166667   0.001302   1.483073
66   756.979167   758.126302   0.289062   0.369792
65   758.589844   759.253906   0.007812   1.259115
51   758.481771   758.904948   0.279948   2.329427
55   758.980469   759.111979   0.444010   0.216146
80   759.282552   759.720052   0.002604   0.364583
34   759.683594   759.855469   0.296875   0.191406
66   759.964844   759.971354   0.003906   0.072917
67   759.934896   760.032552   0.013021   0.044271
82   760.227865   760.294271   0.001302   0.214844
70   760.623698   760.786458   0.070312   0.114583
32   760.627604   760.790365   0.007812   0.152344
89   760.604167   760.807292   0.201823   0.218750
44   760.920573   761.212240   0.519531   0.250000
68   760.716146   760.944010   0.205729   0.231771
46   706.812500   707.902344   0.027344   0.253906
70   707.992188   709.239583   0.266927   1.742188
50   700.959635   701.707031   0.165365   0.579427
68   700.710938   701.321615   0.000000   0.394531
51   709.225260   709.549479   0.045573   0.382812
73   709.268229   710.289062   0.214844   1.058594
66   701.789062   701.885417   0.002604   0.162760
48   701.924479   702.234375   0.208333   1.244792
73   701.703125   702.449219   0.023438   0.541667
62   710.438802   711.201823   0.018229   2.618490
51   714.979167   716.238281   0.052083   0.360677
44   716.208333   716.928385   0.205729   0.260417
49   716.654948   717.031250   0.246094   0.673177
51   716.643229   717.481771   0.207031   1.027344
70   716.679688   717.121094   0.217448   0.356771
88   716.186198   716.649740   0.005208   0.408854
46   716.463542   716.654948   0.205729   0.244792
48   716.653646   717.054688   0.248698   0.389323
67   716.423177   716.651042   0.208333   0.243490
60   715.990885   716.972656   0.001302   0.144531
80   710.682292   710.846354   0.210938   0.205729
56   710.617188   710.722656   0.011719   0.106771
46   716.934896   717.005208   0.001302   0.052083
80   717.009115   717.143229   0.196615   0.203125
49   717.019531   717.186198   0.207031   0.244792
58   717.102865   717.481771   0.204427   0.223958
51   717.330729   717.658854   0.045573   0.421875
65   717.066406   717.425781   0.235677   0.411458
53   717.227865   717.555990   0.187500   0.345052
59   717.052083   717.352865   0.011719   0.265625
82   717.070312   717.221354   0.005208   0.097656
81   717.136719   717.279948   0.011719   0.076823
63   717.117188   717.164062   0.001302   0.052083
82   712.720052   712.817708   0.006510   0.037760
67   717.243490   726.388021   0.204427   0.212240
72   717.377604   717.393229   0.000000   0.106771
63   717.440104   717.566406   0.002604   0.140625
55   717.432292   717.572917   0.007812   0.139323
38   717.279948   717.470052   0.011719   0.238281
63   717.131510   717.345052   0.000000   0.296875
73   717.371094   717.648438   0.005208   0.269531
43   717.453125   717.566406   0.003906   0.079427
63   717.479167   717.664062   0.109375   0.165365
72   771.247396   771.292969   0.013021   0.044271
63   771.203125   771.377604   0.200521   0.217448
48   771.212240   771.720052   0.230469   0.683594
80   771.221354   771.240885   0.003906   0.125000
52   771.329427   771.471354   0.225260   0.066406
51   771.325521   771.447917   0.009115   0.057292
65   727.247396   727.320312   0.000000   0.147135
68   726.194010   726.419271   0.330729   0.246094
56   726.240885   726.604167   0.204427   0.429688
77   726.329427   726.940104   0.220052   0.975260
50   726.429688   726.958333   0.222656   2.147135
47   726.773438   727.208333   0.230469   1.029948
54   726.794271   726.964844   0.428385   0.201823
67   726.660156   726.807292   0.029948   0.186198
44   726.649740   726.904948   0.029948   0.298177
56   726.355469   726.714844   0.001302   0.278646
49   726.130208   726.308594   0.214844   0.140625
63   726.240885   276.291667   0.091146   0.057292
64   276.419271   276.510417   0.066406   0.069010
50   275.462240   275.920573   0.246094   0.609375
43   275.437500   275.557292   0.194010   0.146615
41   275.369792   275.483073   0.007812   0.117188
73   275.486979   275.718750   0.118490   0.236979
44   275.328125   275.559896   0.199219   0.268229
65   275.394531   276.444010   0.020833   2.569010
68   275.154948   275.799479   0.001302   0.524740
56   275.295573   276.440104   0.226562   2.572917
60   275.230469   276.178385   0.222656   0.368490
61   275.914062   276.102865   0.191406   0.126302
63   275.700521   276.089844   0.207031   0.967448
54   275.789062   276.723958   0.253906   0.768229
44   276.475260   276.653646   0.001302   0.196615
68   276.592448   276.731771   0.010417   0.141927
68   276.664062   276.838542   0.071615   0.166667
56   276.644533   276.752604   0.039062   0.078125
58   276.598958   276.721354   0.015625   0.130208
84   276.582031   276.670573   0.010417   0.126302
56   726.343229   726.529948   0.233073   0.236979
50   726.622396   726.746094   0.007812   0.080729
60   726.376302   726.667969   0.227865   0.367188
56   726.252604   726.585938   0.223958   0.470052
77   726.414062   726.739583   0.009115   0.259115
77   726.722656   726.949219   0.023438   0.191406
51   726.539062   726.760417   0.225260   0.218750
36   726.269531   726.950521   0.385417   0.175781
60   726.220052   726.651042   0.221354   0.425781
71   726.406250   726.714844   0.201823   0.208323
37   726.445312   726.622396   0.006510   0.136719
68   726.375000   726.649740   0.023438   0.263021
51   726.552083   726.803385   0.001302   0.214844
58   726.717448   726.871094   0.000000   0.192708
52   717.391927   727.694010   0.169271   0.468750
63   726.618490   726.979167   0.015625   0.355469
49   726.428385   726.535156   0.006510  0.130208
54  276.430990  276.665365   0.001302  0.222656
66  276.171875  276.520833   0.003906  0.312500
42  276.445312  276.492188   0.007812  0.027344
64  276.134115  276.246094   0.230469  0.058594
48  276.429688  276.475260   0.020833  0.087240
78  276.358073  276.412760   0.057292  0.063802
49  275.730469  275.845052   0.005208  0.139323
66  275.700521  275.815104   0.001302  0.136719
57  275.703125  275.782552   0.040365  0.054688
73  275.803385  275.748698   0.014323  0.046875
57  275.791667  275.914062   0.005208  0.139323
75  275.856771  275.901042   0.010417  0.157552
57  275.800781  275.842448   0.026042  0.035156
73  275.962240  276.032552   0.000000  0.033854
71  275.123698  275.200521   0.016927  0.053385
74  275.093750  275.567708  0.010417   0.398438
62  275.145833  275.643229  0.023438   0.434896
65  275.152344  275.295573  0.117188   0.180990
67  275.141927  275.473958  0.005208   0.149740
57  275.363281  226.441406  0.001302   0.794271
62  252.364583  253.326823  0.209635   0.214844
57  252.467448  254.236979   0.000000  0.574219
33  253.019531  253.136719   0.000000  0.170573
79  253.049479  253.442708   0.006510  0.365885
42  252.662760  252.722656   0.000000  0.101562
50  275.714844  275.770833   0.001302  0.091146
80  275.050781  275.117188   0.263021  0.044271
64  275.113281  275.248698   0.000000  0.173177
69  275.253906  275.460938   0.345052  0.175781
65  275.601562  275.722656   0.270833  0.169271
76  275.591146  275.821615   0.001302  0.170573
74  275.520833  275.717448   0.108073  0.188802
68  275.555990  275.654948   0.080729  0.067708
35  275.636719  275.644531   0.007812  0.036458
55  275.654948  275.782552   0.001302  0.044271
78  276.510417  276.519531   0.003906  0.048177
78  276.567708  276.766927   0.001302  0.156250
79  276.653646  276.694010   0.002604  0.054688
57  276.653646  276.717448   0.005208  0.033854
45  276.722656  277.615885   0.001302  0.480469
71  276.860677  277.455729   0.009115  0.638021
64  276.944010  277.325521   0.000000  0.339844
50  276.830729  276.936198   0.260417  0.044271
35  276.884115  276.962240   0.002604  0.088542
45  276.923177  277.123698  0.177083   0.207031
67  276.915365  277.555990  0.010417   0.621094
71  276.920573  277.342448  0.011719   0.529948
59  277.119792  277.858073  0.019531   0.255208
78  277.113281  277.337240  0.009115   0.195312
47  276.523438  276.718750  0.003906   0.254606
67  276.897135  277.230469  0.210938   0.347656
59  276.601562  276.837240  0.222656   0.247396
67  276.729167  276.835938  0.041667   0.062500
60  276.891927  277.322917  0.091146   0.454427
48  276.859375  277.069010  0.208333   0.225260
59  276.919271  277.348958  0.289062   0.631510
47  277.156250  278.305990  0.011719  1.908854
38  277.497396  277.506510  0.109375  0.055990
53  277.765625  277.927083  0.111979  0.059896
50  277.709635  277.708333  0.027344  0.045573
67  277.710938  277.753906  0.083333  0.045573
81  277.794271  278.697917  0.023438  0.548177
83  277.800781  278.144531  0.261719   0.394531
67  277.667969  277.588542  0.024740  0.058594
38  277.747396  277.841146  0.007812  0.058594
47  277.795573  277.881510  0.024740  0.066406
76  277.864583  278.053385  0.009115  0.134115
68  277.748698  277.876302  0.134115  0.113281
61  278.070312  278.085938  0.104167  0.079427
88  278.079427  278.149740  0.095052  0.095052
78  278.139323  278.273438  0.002604  0.145833
62  278.126302  278.320312  0.023438   0.242188
71  278.042969  278.515625  0.397135   0.464844
68  278.001302  278.183594  0.049479   0.309896
55  277.697917  277.941406  0.348958   1.227865
58  271.735677  272.227865  0.117188   0.337240
50  274.447917  274.522135  0.117188  0.045573
35  274.190104  274.239583  0.079427  0.084635
84  274.109375  274.253906  0.121094  0.160156
89  274.160156  274.282552  0.119792  0.097656
53  274.222656  274.281250  0.013021  0.045573
33  274.253906  274.390625  0.134115  0.106771
55  274.354167  274.513021  0.000000  0.135417
61  274.528646  274.609375  0.005208  0.044271
55  274.765625  274.785156  0.052083  0.057292
57  274.953125  274.977865  0.019531  0.070312
52  274.944010  275.048177  0.041667  0.065104
55  274.843750  274.964844  0.209635   0.113281
49  274.820312  275.540365  0.000000   0.825521
71  274.740885  275.110677  0.013021   0.235677
50  274.973958  275.113281  0.167969   0.261719
74  275.729167  276.846354  0.227865   1.470052
52  275.712240  275.914062  0.204427   0.199219
67  275.899740  275.980469  0.276042   0.166667
73  275.666667  275.808594  0.014323   0.186198
68  275.834635  275.843750  0.078125  0.071615
55  275.934896  277.040365  0.111979  0.057292
47  275.921875  276.074219  0.089844  0.069010
56  276.231771  276.335938  0.001302  0.040365
53  276.373698  276.582031  0.023438   0.230469
50  276.434896  277.305990  0.003906   1.024740
55  275.973958  276.286458  0.229167   0.436198
69  276.515625  277.057292  0.207031   0.458333
72  276.513021  277.593750  0.011719   0.450521
75  276.401042  276.630208  0.002604  0.093750
81  276.502604  276.591146  0.003906  0.057292
86  276.626302  276.807292  0.000000  0.253906
65  276.848958  276.908854  0.082031  0.053385
49   77.326823   77.371094  0.158854  0.059896
55   77.252604   77.311198  0.087240  0.095052
58   77.242188   77.307292  0.082031  0.074219
83   77.255208   77.326823  0.110677  0.083333
56   77.300781   77.411458  0.160156  0.125000
55   75.190104   75.441406  0.300781  0.430990
59   75.294271   76.248698  0.003906  2.950521
47   75.781250   76.166667  0.101562  0.330729
52   77.549479   77.915365  0.003906  2.394531
57   75.134115   75.570312  0.006510  0.385417
61   75.279948   76.493490  0.018229  1.421875
61   75.484375   76.298177  0.015625  0.622396
73   76.307292   76.684896  0.259115  0.381510
70   756.936198   775.986979   0.024740   0.207031
77   775.417969   775.531250   0.009115   0.101562
43   774.485677   775.884115   0.000000   0.644531
58   774.436198   774.945312   0.203125   0.466146
55   757.104167   775.414062   0.220052   0.312500
73   775.292969   775.828125   0.221354   0.257812
63   775.182292   775.429688   0.020833   0.225260
72   775.277344   775.544271   0.218750   0.337240
33   775.149740   775.503906   0.003906   0.799479
62   775.524740   775.731771   0.002604   0.221354
56   775.401042   775.723958   0.231771   0.380208
64   775.477865   775.651042   0.002604   0.186198
60   775.174479   775.264323   0.024740   0.057292
59   775.317708   775.423177   0.000000   0.070312
51   757.140625   757.153646   0.000000  0.153646
57  276.412760  276.515625   0.002604  0.128906
76  267.276042  276.522135   0.000000  0.302083
59  276.532552  276.502604   0.006510  0.076823
50  276.436198  276.472656   0.000000  0.087240
43  276.500000  276.562500   0.000000  0.048177
58  276.591146  276.714844   0.003906  0.036458
64  276.453125  276.563802   0.187500  0.117188
52  276.520833  276.606771   0.259115  0.071615
45  276.714844  276.730469   0.001302  0.041667
73  276.638021  276.733073   0.005208  0.123698
57  276.708333  276.803385   0.005208  0.071615
66  276.683594  276.821615   0.294271  0.096354
69  276.807292  276.970052   0.006510  0.109375
48  276.794271  276.856771   0.002604  0.061198
63  276.833333  276.993490   0.279948  0.139323
69  276.928385  277.039062   0.003906  0.113281
62  276.910156  277.022135   0.005208  0.037760
71  276.904948  276.963542   0.002604  0.074219
64  276.910156  277.075521   0.238281  0.033854
66  276.938802  277.098958   0.001302  0.049479
63  276.920573  276.944010   0.009115  0.039062
64  276.923177  277.059896   0.251302  0.130208
61  276.933594  277.950521   0.104167  0.162760
71  277.721354  277.804688   0.005208  0.028646
66  277.761719  277.864583   0.001302  0.117188
69  277.777344  277.825521   0.002604  0.045573
50  277.735677  277.817708   0.242188  0.059896
57  277.744792  278.200521   2.791667  0.398438
40  278.355469  278.566406   0.013021  0.196615
73  278.622396  278.783854   0.009115  0.106771
69  278.617188  278.695312   0.002604  0.039062
67  278.800781  278.990885   0.072917  0.092448
49  278.923177  278.959635   0.002604  0.046875
59  287.053385   78.149740   0.007812  0.136719
71  287.014323   78.156250   0.312500  0.216146
45  278.954427  279.236979  0.003906   0.227865
54  278.805990  282.786458  0.010417   0.162760
85  278.976562  279.195312  0.001302   0.230469
66  278.959635  279.408854  0.196615   0.414062
52  278.906250  279.053385  0.197917   0.149740
54  278.903646  279.476562  0.102865   0.466146
69  278.123698  278.351562  0.032552   0.139323
54  282.773438  282.981771  0.009115   0.170573
64  282.794271  282.889323  0.011719  0.093750
71  282.983073  282.981771  0.010417  0.049479
48  282.980469  283.063802  0.063802  0.078125
81  282.917969  282.998698  0.087240  0.102865
70  282.940104  283.028646  0.108073  0.049479
52  282.930990  282.967448  0.011719   0.044271
86  282.951823  283.009115  0.203125  0.127604
55  283.052083  283.156250  0.000000  0.117188
35  283.178385  283.201823  0.002604  0.053385
75  283.291667  283.325521  0.069010  0.053385
40  283.259115  283.302083  0.082031  0.061198
60  283.401042  283.540365  0.105469  0.102865
86  283.526042  283.611979  0.040365  0.088542
62  283.570312  283.657552  0.007812  0.054688
35  283.462240  283.566406  0.084635  0.125000
64  283.480469  283.662760  0.061198  0.097656
53  283.554688  288.524740  0.003906  0.053385
61  283.567708  283.683594  0.055990  0.096354
35  284.121094  284.125000  0.001302  0.066406
50  284.274740  284.548177  0.029948  0.239583
50  258.108073  258.233073  0.000000   0.350260
71  258.369792  258.984375  0.003906  2.595052
81  258.453125  258.660156  0.096354  0.108073
71  258.727865  258.678385  0.063802  0.053385
57  258.760417  258.795573  0.061198  0.079427
55  258.858073  258.916667  0.005208  0.048177
55  258.888021  259.067708  0.264323   0.247396
57  285.523438  285.600260  0.110677  0.101562
81  285.519531  285.662760  0.026042  0.122396
55  285.528646  285.648438  0.203125  0.100260
43  285.591146  285.734375  0.075521  0.085938
72  285.555990  285.549479  0.085938  0.046875
52  285.506510  285.464844  0.007812  0.040156
79  372.805990  372.921875  0.007812  0.134115
61  283.576823  284.164062  0.019531   0.462240
68  283.605469  283.734375  0.126302  0.054688
64  283.782552  283.850260  0.019531  0.071615
59  288.372396  288.502604  0.007812  0.085938
52  288.345052  288.411458  0.013021  0.055990
59  288.453125  288.604167  0.000000  0.143229
73  288.565104  288.654948  0.003906  0.091146
64  288.540365  288.654948  0.106771  0.089844
38  288.156250  288.276042  0.084635  0.106771
88  288.395833  288.403646  0.014323  0.095052
39  285.061198  285.273438  0.115885  0.154948
72  287.541667  287.625000  0.078125  0.108073
60  287.550781  287.575521  0.011719  0.055990
60  287.486979  287.557292  0.003906  0.050781
64  278.561198  278.651042  0.000000  0.040365
84  278.740885  278.747396  0.087240  0.061198
38  278.694010  278.791667  0.061198  0.084635
64  278.774740  278.812500  0.040365  0.052083
50  278.778646  287.907552  0.005208  0.173177
56  278.835938  278.916667  0.026042  0.091146
75  278.911458  279.049479  0.002604  0.054688
65  278.923177  279.118490  0.002604  0.209635
52  278.027344  278.100260  0.013021  0.130208
66  278.141927  278.263021  0.003906  0.156250
71  273.067408  273.253906  0.003906  0.281250
75  273.158854  273.455729  0.028646  1.040365
81  273.204427  273.296875  0.092448  0.109375
31  273.234375  273.351562  0.225260  0.069010
62  273.312500  273.464844  0.005208  0.041667
57  273.524740  273.640625  0.100260  0.091146
64  273.518229  273.628906  0.005208  0.079427
64  273.634115  273.735677  0.010417  0.040365
69  273.739583  273.747396  0.091146  0.049479
41  274.039062  274.697917  0.186198   0.795573
47  274.016927  274.153646  0.069010  0.100260
52  274.973