74    1.023438    1.085938  0.000000  0.062500
79    8.302083    8.347656  0.005208  0.036458
77   407.345052   407.792969  0.197917  0.154948
56   311.432292   310.289062  0.277344  0.040365
64   158.516927   158.769531  0.022135  0.048177
78   130.786458   130.451823  0.350260  0.447917
  69  1272.748998  1272.108073  0.006510  0.037760
  44  1002.582031  1002.481771  0.174479  0.075521
  88  1105.986979  1105.467448  0.006510  0.049479
  83  1044.462240  1044.544479  0.057292  0.087240
  68  1099.270833  1099.494792  0.001302  0.067108
  97  1064.118490  1064.944010  0.095052  0.066406
  52  1258.643229  1258.457031  0.000000  0.052083
  40  1025.664062  1025.861979  0.071615  0.127008
  76  1297.144531  1279.412760  0.252604  0.170573
  80  1031.416667  1031.227865  0.214844  0.045573
  67  1278.557292  1267.654948  0.002604  0.084635
  71  1089.983073  1088.432292  0.001302  0.253906
  71  1161.843750  1161.733073  0.001302  0.057292
  35  1313.437500  1313.557292  0.010417  0.098958
 107  1041.576823  1041.170573  0.111979  0.294271
  61  1088.402344  1088.882812  0.010417  0.175781
  62  1034.727865  1035.420573  0.058594  0.072917
  64  1122.923177  1213.871094  0.003906  0.042969
  61  1104.153646  1105.937500  0.002604  0.032552
  57  1128.957812  1128.156250  0.015625  0.022135
  37  1302.458333  1330.420573  0.088542  0.239375
  44  1152.578125  1152.453125  0.002604  0.006510
  62  1066.359375  1066.785156  0.093750  0.085938
  79  1278.930498  1278.947917  0.000000  0.135417  0.101562
  56  1273.493490  1274.382812  0.050781  0.562500
  35  1322.944010  1322.942708  0.018229  0.075521
  81  1270.772135  1270.393229  0.089844  0.089844
  64  1020.201823  1020.553385  0.002604  0.208333
  61  1308.680990  1138.789062  0.065104  0.044271
  77  1125.942708  1125.898438  0.010417  0.052083
  88  1101.111929  1110.414062  0.019531  0.052083
  60  1288.406250  1288.505208  0.048177  0.253906
  81  1305.567708  1305.372396  0.007812  0.054688
  45  1323.766927  1332.468750  0.061198  0.041667
  73  1246.523438  1246.631510  0.001302  0.102865
  44  1118.673177  1118.790365  0.003906  0.075521
  44  1420.585938  1420.808573  0.153646  0.131510
  35  1353.552083  1353.955729  0.009115  0.091146
  38  1295.898438  1047.227865  0.095052  0.140625
  71  1097.440104  1097.489583  0.002604  0.074219
  58  1034.165365  1035.518229  0.058594  0.049479
  78  1287.127604  1278.039062  0.000000  0.058594
  37  1253.454948  1253.667969  0.006510  0.093750
  64  1122.390625  1122.673177  0.019531  0.055990
  53   133.933594   133.210938  0.404948  0.027344
  78  1126.727865  1171.509115  0.167969  0.044271
  37  1138.747396  1138.700523  0.059896  0.040365
  48  1116.197917  1116.815104  0.097656  0.063802
  94  1268.950521  1276.803385  0.002604  0.080729
  76  1115.351562  1115.957031  0.059896  0.079427
  39  1297.847656  1297.385417  0.003906  0.039062
  33   161.942708   611.151042  0.000000  0.031250
  30   138.717448   138.678385  0.014323  0.042969
  78  1321.317708  1321.367188  0.153646  0.327917
  61  1322.821615  1322.455729  0.027344  0.054688
  40  1113.925781  1115.421875  0.147135  0.040365
  86  1270.282552  1271.209635  0.102865  0.053385
  62  1187.151042  1187.136719  0.046875  0.174479
  58  1018.101562  1001.585938  0.069010  0.030750
  78  1280.582031  1208.860677  0.078125  0.052083
  80  1219.777344  1201.932292  0.000000  0.033854
  59  1109.477865  1018.449219  0.009115  0.277344
  51  1136.890625  1136.625000  0.088833  0.027344
  73  1095.822917  1095.482292  0.100260  0.042969
  62  1284.131510  1284.837240  0.005208  0.029948
  92  1003.367188  1005.877604  0.076823  0.023438
  77  1206.904927  1207.561198  0.015625  0.147135
  82  1139.797396  1139.635417  0.002604  0.147135
  71  1297.046875  1297.109375  0.110677  0.040365
  70  1315.619792  1315.238281  0.005208  0.066406
  46  1309.251302  1309.307292  0.145833  0.063802
  75  1309.414062  1309.843750  0.046875  0.079427  0.079427
  43  1124.766927  1124.604167  0.151562  0.091146
  88  1302.511719  1320.828125  0.055990  0.104167
  89  1037.488281  1087.934896  0.078125  0.092448
  70  1117.808594  1118.132812  0.054688  0.032552
  58  1111.904948  1113.790365  0.018229  0.026042
  87  1105.944010  1106.764323  0.006510  0.110677
  62  1117.785156  1117.895833  0.007812  0.079427
  38  1258.891927  1258.907552  0.007812  0.041667
  67  1005.477865  1005.403646  0.007812  0.092448
  51  1087.087240  1087.535156  0.089844  0.095052
  71  1116.846354  1116.354167  0.001302  0.092448
  68  1125.608073  1125.407552  0.151042  0.063802
  39  1127.960938  1128.630208  0.003906  0.062500
  67  1088.054688  1088.609375  0.102865  0.035156
  66  1125.704427  1125.351562  0.050781  0.050781
  31  1050.802083  1050.548177  0.151042  0.065104
  84  1108.423177  1108.585938  0.054688  0.115885
  43  1302.968750  1302.395833  0.001302  0.061198
  89  1088.209635  1088.368490  0.002604  0.022135
  31  1138.553385  1138.592448  0.067708  0.063802
  52  1070.601562  1070.398438  0.028646  0.070312
  33  1139.381510  1143.578125  0.000000  0.347635
  68  1320.352865  1321.934896  0.002604  0.140625
  64  1300.566406  1031.108073  0.000000  0.033854
  75  1294.257812  1294.273438  0.141927  0.230469
  35  1327.588542  1327.669271  0.002604  0.165365
  78  1288.053385  1288.039062  0.005208  0.036458
  50  1277.045573  1266.227865  0.027344  0.009115
  62  1107.036458  1108.722656  0.105469  0.033854
  80  1314.356771  1315.520833  0.002604  0.028645
  33  1058.962240  1050.945312  0.065104  0.092448
  71  1112.842448  1112.753906  0.016927  0.057292
  73  1094.175781  1994.367188  0.026042  0.044271
  36   161.367188   161.316406  0.189894  0.144531
  83  1288.589844  1288.757812  0.180990  0.050781
  46  1002.466146  1002.138021  0.001302  0.062500
  78  1156.101562  1156.884115  0.000000  0.175781
  52  1306.398438  1306.873698  0.006510  0.492188
  63  1272.496094  1272.473958  0.079427  0.074219
  73  1253.532552  1256.424479  0.070312  0.055990
  59  1117.295573  1117.878906  0.022135  0.031250
  56  1128.171875  1128.402344  0.002604  0.044271
  41  1152.304688  1150.277344  0.242188  0.585938
  56  1191.484375  1191.119792  0.005208  0.057292
  72  1072.638000  1072.207031  0.881510  0.065104
  62  1187.932292  1186.438802  0.088542  0.033854
  31  1136.605469  1113.777344  0.195312  0.040365
  51  1078.041667  1079.395833  0.503906  0.141927
  45  1094.723958  1059.510417  0.074219  0.055990
  76  1105.795573  1105.596354  0.003906  0.066406
  80  1139.852865  1139.440104  0.007812  0.230469
  52  1136.976562  1113.555990  0.001302  0.074219
  99  1287.097656  1278.147135  0.153646  0.110677
  35  1219.713542  1211.760417  0.005208  0.071615
  79  1111.714844  1111.434896  0.006510  0.141927
  66  1288.756510  1287.449219  0.114583  0.058594
  47  1078.363281  1078.617188  0.029948  0.085938
  44  1110.658854  1101.627604  0.074219  0.059896
  47  1037.458333  1307.054688  0.026042  0.070312
  55  1273.853677  1273.075521  0.061198  0.057292
  38  1227.365885  1277.638021  0.127604  0.088021
  82  1273.748698  1372.287760  0.007812  0.105469
  64  1281.734375  1281.505208  0.024740  0.001302
  78  1125.377604  1125.579427  0.003906  0.041667
  62  1012.052083  1012.110677  0.007812  0.114583
  37  1109.173177  1108.447917  0.011719  0.205729
  55  1112.319010  1112.574219  0.003906  0.049479
  87  1094.386719  1094.425781  0.006510  0.049479
  72  1116.187100  1116.558594  0.000000  0.257812
  74  1117.135417  1117.128906  0.054896  0.352865
  78  1118.940104  1119.364583  0.095052  0.032552
  78  1070.200521  1070.311198  0.018229  0.046875
  82  1147.278646  1148.354167  0.053385  0.069010
  88  1308.490885  1308.432292  0.000000  0.075521
  40  1332.459635  1332.493490  0.019531  0.041667
  42  1095.541667  1095.386719  0.083333  0.063802
  69  1243.893229  1244.839844  0.003906  0.078127
  75  1238.609375   873.425781  0.010417  0.057292
  58   783.566406   784.457031  0.013021  0.084635
  90    54.020833    54.757812  0.180990  0.080729
  35   432.138021   432.013021  0.177083  0.055990
  39   405.848958   405.526042  0.091146  0.074219
  55   473.569010   473.403646  0.010417  0.031250
  36    96.415365    96.557292  0.036458  0.192708   0.251302
52  123.940625  124.304688  0.002604   0.264323
52  103.035156  103.123698  0.015625   0.509115
74  170.384115  170.476562   0.174479  0.177083
52  413.824219  413.917969   0.184196  0.138021
60  658.225260  658.402344    0.026042   0.059896
82   415.578125   416.542969   0.058594   0.108073
72   100.225260   100.372396   0.158854   0.785156
72   114.428385   114.869792   0.598958   0.477865
56   100.033854   103.145833   0.010417   0.101562
78   122.157552   122.279948  0.125000  0.210938
52    10.455729    10.518229  0.000000  0.175781
38  1257.015625  1257.799479  0.003906  0.204427
75  1016.384115  1016.664062  0.013021  0.122396
71  1500.179688  1053.458333  0.005208  0.175781
55   167.854167   167.160156  0.002604  0.031250
 103  1193.145833  1199.095052  0.084635  0.039062
  51  1410.494792  1401.600260  0.015625  0.072917
  81   192.958333   193.216146  0.002604  0.069010
  49  1256.136719  1256.347656  0.009115  0.105468
  78  1277.377604  1277.890625  0.001302  0.031250
  95  1283.516927  1328.576823  0.039062  0.036458
  70  1318.141927  1317.763021  0.001302  0.036458
  42  1287.052083  1287.152344  0.217448  0.039062
  82  1093.772135  1093.411458  0.000000  0.295573
  67  1237.273438  1327.355469  0.000000  0.069010
  33  1277.470052  1277.579427  0.057292  0.103677  0.106771
66  119.187500  119.692708  0.109375  0.557292
47  131.394531  131.455729  0.574219  0.503906
55  153.606771  145.799479  0.070312  0.040365
57  116.860417  116.694010  0.001302  0.143229
86  153.315104  153.674479  0.000000  0.105469
50  140.667969  140.481771  0.001302  0.287760
40  157.897135  158.061198  0.023438  0.054688
75  170.971354  170.888021  0.003906  0.115885
72  411.404948  411.843750  0.001302  0.105469
48  463.085938  463.441406  0.191406  0.058594
45  432.753906  433.724219  0.006510  0.052083
48  357.286458  357.536458  0.173177  0.088542
81  353.750000  353.904948  0.007812   0.295573
68    5.433594    5.545573  0.000000   0.485677
51   52.298177   52.035156  0.011719   0.295573
66   74.337240   77.830729  0.002604   0.229167
57  315.644531  362.842448  0.257812   0.563802
33  104.489573  104.273438  0.097656   0.167969
48  192.238281  192.332031  0.139323  0.404427
78  185.738281  185.411458   0.085938  0.032552
65  188.602865  188.841146   0.005208  0.161458
73  140.617188  140.423177  0.134115   0.232292
59  145.403646  145.404948  0.572917   0.171875
49  103.973958  103.036458  0.064010   0.186198
79  159.546875  154.447917  0.194010   0.117188
64  133.324219  133.545573   0.147135  0.173177
76  155.446615  155.238281   0.160156  0.834636
67  157.382812  157.359375  0.153646   0.705729
73  181.190104  181.618490   0.002604  0.074219
62  411.448406  411.632812   0.682292  0.890625
69  584.255208  558.498698   0.231771  0.253906
52  587.959635  588.069010   0.028125  0.343750
72  547.175781  544.626302    0.006510  0.440104
62  406.554688  406.781250   0.153646  0.157552
71  425.468750  426.686119   0.196615  0.346354
69  517.923177  517.977865   0.165365   0.05208
42   15.576823   60.164062   0.072917  0.080729
71  286.406250  286.436198  0.001302   0.218750
69  307.369792  308.097656  0.088542   1.610677
52  206.546875  207.105469  0.494792   0.812500
79  384.651042  384.764323  0.002604  0.174479
73  350.868490  531.856771  0.071615  0.079427
41  218.557292  218.550781  0.007812  0.084635
49   43.302083   43.605469  0.087240  0.165365
56    5.635417    5.602865  0.001302  0.157812
52  225.296875  225.343750  0.111979  0.052083
57  425.692708  425.757812  0.036458  0.111979
42  325.100260  325.141927  0.013021  0.105469
40  280.637500  280.227865  0.139323  0.089844
48  390.273438  390.430990  0.212240   1.822917
67   88.464844   83.783854  0.001302   0.484375
68  345.680990  345.680990   0.126302  0.135417
64  253.694010  254.757812   0.097656  0.057292
30  288.149740  288.476562   0.016927  0.136719
57  285.040365  285.230469   0.240885  1.977865
62  231.381510  231.802083  0.186198   0.218750
66  250.593750  250.658854  0.192708   0.151042
47  339.546875  339.486458   0.011719  0.044271
79  304.157552  304.274740  0.013021   0.214844
71  322.895833  322.364583  0.001302  0.104167
52  228.536458  228.351562  0.010417  0.061198
40  370.984375  280.229167  0.013021  0.252604
59  281.962240  282.134115  0.024740  0.179688
76  425.263021  425.493490  0.111979   0.509115
70  322.703125  322.821615  0.002604   0.170573
68   43.365885   43.774740  0.018229  0.065625
76  256.236979  256.882812   0.007812  0.139323
59  275.360677  276.505208   0.143229  0.554167
40  275.351562  275.944010   0.003906  0.131510
32  322.489583  322.138021   0.010417  0.171875
79  597.798177  597.897135   0.091146  0.493438
87  564.289062  564.484375   0.601562  0.208333
73  283.089844  283.032552   0.011719  0.333333
62  203.445312  203.934896  0.092448   0.429688
76  285.983073  256.847656  0.007812   0.143229
52  201.645833  202.272135  0.110677   0.123698
72  207.998698  207.446302   0.235677  0.141927
61  245.369792  243.622396   0.014323  0.251302
62  257.108073  257.273438  0.000000   0.067708
52   52.570312   52.591146   0.003906  0.154948
73  420.020833  420.740885   0.002606  0.052083
84  434.404948  443.433594   0.097656  0.055990
87  270.412760  270.585938   2.104167  0.531250
71  592.330729  548.484375   0.001302  0.177083
66  370.983073  370.261719   0.015625  0.091146
78  520.968750  521.263021   0.170573  0.147135
73  470.272135  470.712240   0.148438  0.109375
57  359.225260  359.355469   0.145833  0.526042
72  548.370312  458.807292   0.000000  0.273438
54  594.460938  599.428385   0.044271  0.157552
78  509.748698  004.606771   0.018229  0.253906
79  548.367188  558.214844   0.186198  0.869792
52  585.865885  588.686198   0.175781  0.542969
74  455.877604  455.587240   0.006510  0.118490
51  407.274740  407.204427  0.235677   0.270833
72  382.054688  382.230469   0.001302  0.397135
70  423.365885  423.971354   0.187500  0.191406
32  262.114062  262.800781   0.003906  0.101562
68  421.835938  421.845052   0.127604   0.237760
57   402.953125   400.911458   0.191406   0.316406
73   459.485677   459.660156   0.001302   0.054688
33   394.636719   395.123698   0.029948   0.427083
58   378.502604   378.958333   0.011719   0.506510
49   753.864583   574.236978   0.001302   0.181510
44   727.274740   727.052083   0.214844   0.576823
51   581.161458   588.037760   0.009115   0.041667
57   282.855469   282.683594   0.084635   0.529948
54   849.001302   849.194010  0.027344  0.135417
43   432.408854   437.406250  0.066406  0.190104
71    50.276042    50.417969  0.003906  0.199219
55    48.996094    48.381510  0.157552  0.157552
63   427.791667   427.820312  0.078125  0.069010
77    92.950521    94.192708  0.013021  0.114583
  49   233.511719   233.878906  0.003906  0.035156
48   433.303385   433.855469  0.273438  0.257812
  69   889.074219   889.127604  0.000000  0.585938
  86   545.713281   455.838542  0.065104  0.087240
  81   480.561198   480.630625  0.007812  0.071823
  70   428.889323   428.417969  0.000000  0.041667
  54   481.106771   418.251302  0.049479  0.032552
  83   108.333333   1084.505208  0.006510  0.053385
  74  1254.445312  1254.418450  0.007812  0.095052
  64  1381.555990  1388.548177  0.010417  0.097656
  40  1151.812500  1151.615885  0.019531  0.055990
  38  1025.350260  1025.897135  0.044271  0.089844
  76  1296.416667  1298.827312  0.035156  0.032552
  52  1094.145833  1095.307292  0.061198  0.079427
  57  1102.951823  1013.227344  0.027344  0.037240
  71  1078.333333  1078.468750  0.003906  0.054688
  40  1041.355469  1104.355469  0.001302  0.040365
  51  1003.776042  1003.916146  0.024740  0.093750
  73  1043.515625  1044.361979  0.027344  0.005208
  89  1118.134115  1118.260417  0.002604  0.062500
  52  1080.772135  1080.574219  0.084635  0.080729
  44  1133.821615  1133.432292  0.003906  0.053385
  35  1042.104167  1251.817708  0.033854  0.065104
  78  1286.234375  1281.158854  0.001302  0.058594
  78  1016.739583  1061.667969  0.005208  0.055990
  48  1088.343750  1088.587240  0.080729  0.035156
  31  1051.636719  1035.506510  0.005208  0.111979
  80  1319.727865  1319.622396  0.201823  0.325521
  63  1251.776042  1251.598958  0.000000  0.028646
  63  1278.606771  1278.783854  0.023438  2.433302
  56  1009.244792  1090.438802  0.009115  0.084635
  69  1120.531250  1120.479167  0.018229  0.151042
  43  1301.555990  1301.408854  0.106771  0.054688  0.087240
  89  1235.424479  1235.703125  0.321615  0.071615
  55  1122.144531  1122.127604  0.000000  0.031250
  88  1140.307291  1141.981771  0.014321  0.257812
  34   158.460938   158.757812  0.031250  0.074219
  76  1158.563802  1158.454427  0.057292  0.054688
  59  1080.799479  108.368490  0.005208  0.057292
52  105.677083  106.558594  0.001302  0.148438
62  113.727865  131.524740  0.005208  0.481771
60  186.408854  187.597656  0.189896  0.328125
80   61.440104   61.734375  0.108073  0.134115
71  430.503906  430.154948  0.070312  0.247396
73  348.747396  348.597656  0.040365  0.197917
74  308.036458  308.815104  0.114583  0.075521
39   45.667969   54.877604  0.052083  0.122396
38   90.468750   90.243490  0.005208  0.131510
47   23.421875   25.962240  0.033854  0.044271
55   23.794271   23.406250  0.087240  0.035156
81  40  43.988281  439.186198  0.063802  0.130208
73  337.244792  337.411458  0.001302  0.154948
55  287.377604  372.544271  0.013021  0.037760
72   94.325521   94.847656  0.143229  0.062500
72  297.246094  297.134115  0.074219  0.104167
52   34.500000   34.483073  0.151042  0.177083
4   40.985677   40.162760  0.002604  0.090365
48  429.101562  429.819010  0.052083  0.098958
71  283.437500  238.088542  0.000000  0.052083
54  394.477865  394.486979  0.080729  0.100260
43  385.658854  385.303385  0.083333  0.048177
43   23.932292   23.540365  0.013021  0.039062
  74   451.084635   450.054688  0.165365  0.054688
  70   409.753906   409.300781  0.002604  0.358073
  63   728.476562   782.311198  0.026042  0.291667
  84   373.407552   374.467448  0.087240  0.063802
  97   485.161458   485.852865  0.032552  0.031250
  70   438.325521   438.686198  0.078125  0.082031
  75    36.227865    36.578125  0.003906  0.041667
  62   147.236979   147.337740  0.005208  0.057292
  47  1127.244792  1127.100260  0.005208  0.092448
  64  1357.970052  1357.199219  0.044271  0.175781
  37  1062.208823  1062.315104  0.007812  0.067708
  62  1295.837240  1295.700521  0.000000  0.115885
  50  1078.463542  1078.790365  0.152344  0.067708
  82  1118.848958  1110.854167  0.011719  0.075521
  39  1118.837240  1119.789062  0.104167  0.039062
  36  1317.761719  1317.541667  0.085938  0.096354
  86  1120.348958  1120.822917  0.013021  0.040365
  71  1103.335937  1130.479167  0.080729  0.089844
  84  1308.865885  1308.244792  0.111979  0.053385
  43  1122.565104  1122.763021  0.003906  0.203125
  35  1254.625000  1254.475260  0.023438  0.010417  0.138021
  40  1227.575521  1277.287760  0.070312  0.053385
  58  1110.946615  1111.162760  0.001302  0.125000
  51  1106.433594  1106.864583  0.027344  0.075521
  49  1012.343750  1013.822917  0.003906  0.039062
  79  1238.475781  1239.281250  0.011719  0.192708
  39  1325.132812  1325.105469  0.003906  0.143221
  31  1321.912760  1323.242188  0.084635  0.131510
  94  1315.377604  1315.778646  0.045573  0.069010
  59  1309.858073  1039.352865  0.006510  0.188802
  59  1292.704427  1292.858073  0.001302  0.001302
  63  1054.799479  1054.408854  0.080729  0.042969
  69  1299.462240  1298.392448  0.001302  0.048177
  58  1115.083333  1115.992188  0.001302  0.070312
  58  1164.404948  1164.704427  0.009115  0.096354  0.036458
  51  1286.875000  1268.707342  0.001302  0.059896
  31  1196.442708  1198.601562  0.144531  0.027344
  61  1087.378906  1078.408854  0.002604  