74    1.023438    1.085938  0.000000  0.062500
87    1.049479    1.071615  0.005208  0.036458
34    1.117188    1.208333  0.101562  0.108073
90    1.110677    1.195312  0.006510  0.058594
61    1.075521    1.179688  0.005208  0.042969
44    1.733073    1.789062  0.092448  0.049479
60    1.753906    1.790365  0.069010  0.057292
51   12.898438   12.880208  0.070312  0.033854
76   12.871094   12.911458  0.007812  0.044271
57    1.809896    1.779948  0.104167  0.049479
87    1.794271    1.841146  0.024740  0.046875
73    1.890625    1.938802  0.174479  0.057292
57    1.782552    1.848958  0.005208  0.067708
66    1.769531    1.826823  0.180990  0.044271
53    1.885417    1.790365  0.014323  0.039062
52   12.988281   12.984375  0.007812  0.049479
71   12.925781   15.489583  0.371094  0.399740
8   12.605469   13.692708  0.239583  0.829427
59   13.204427   13.632812  0.023438  0.404948
5   13.828125   14.930990  0.244792  0.166667
78    9.325521    9.618490  0.170573   0.289062
44    9.627604    9.893229  0.101562   0.230469
76    9.588542    9.575521  0.772135  0.127604
85   90.132812   90.197917  0.085938  0.079427
52   90.157552   90.212240  0.001302  0.070312
83   90.225260   90.192708  0.015625  0.037760
82   90.180990   90.255208  0.151042  0.046875
80   90.071615   90.171875  0.022135  0.104167
69   90.231771   90.244792  0.093750  0.074219
87   90.194010   90.177083  0.053385  0.037760
76   90.199219   90.210938  0.003906  0.052083
71   90.165365   90.348958  0.003906  0.214844
84   90.055990   90.329427  0.175781  0.238281
83   90.263021   90.617188  0.119792  0.317708
54   90.071615   90.167969  0.003906  0.076823
74   90.125000   90.187500  0.006510  0.042969
71   90.236979   90.309896  0.003906  0.079427
90  139.921875  139.998698  0.087240  0.102865
60  139.930990  139.976562  0.091146  0.070312
74  139.950521  139.947917  0.002604  0.062500
81  139.950521  139.980469  0.001302  0.049479
48  139.990885  143.088542  0.028646  0.135417
56  149.131510  149.191406  0.082031  0.036458
52  149.195312  149.179688  0.075521  0.026042
58  149.178385  149.308594  0.097656  0.194010
62  149.165365  149.272135  0.127604  0.071615
77  149.250000  149.350260  0.001302  0.083333
57  149.300781  149.376302   0.147135  0.031250
72  149.328125  149.367188   0.108073  0.042969
38  149.486979  149.498698  0.036458  0.083333
47  149.695312  149.675781   0.154948  0.039062
69  149.682292  149.753906   0.001302  0.054688
76  149.686198  149.796875   0.005208  0.036458
47  149.703125  149.753906   0.016927  0.062500
74  149.683594  149.894531   0.175781  0.180990
76  619.317708  619.575521   0.212240  0.328125
47  146.729167  146.858073   0.010417  0.135417
57  164.011719  164.072917   0.113281  0.066406
79  164.889323  164.881510   0.076823  0.029948
47  166.002604  166.098958   0.141927  0.104167
43  166.186198  166.414062   0.001302  0.378906
45  166.330729  166.738281   0.177083  0.311198
56  166.377604  166.434896  0.003906   0.037760
69  166.032552  166.345052  0.000000   0.411458
61  165.957031  166.235677  0.101562   0.321615
68  166.031250  167.127604  0.026042   0.221354
73  166.828125  167.213542  0.191406   0.287760
70  166.868490  162.990885  0.015625   0.302083
56  167.473958  167.907552  0.214844   0.415365
60  168.111979  168.651042   0.213542  0.619792
64  168.003906  168.505208   0.018229  0.399740
56  168.625000  168.902344   0.002604  0.259115
57  169.680990  169.746094   0.031250  0.045573
73  169.950521  169.985677   0.141927  0.040365
61  169.820312  169.889323   0.164062  0.096354
84  169.736979  169.811198   0.090365  0.037760
76  169.765625  169.929688   0.007812  0.106771
71  169.699219  169.865885   0.149740  0.105469
66  169.632812  169.768229   0.026042  0.132812
49  169.934896  179.994792   0.148438  0.061198
57  169.166667  169.182292   0.144531  0.036458
57  169.067708  169.160156  0.098958  0.091146
55  169.216146  169.272135  0.087240  0.108073
60  169.209635  169.354167  0.093750  0.227865
78  169.305990  169.479167  0.203125  0.227865
62  164.873698  165.110677  0.005208  0.183594
64  164.955729  165.001302  0.130208  0.044271
47  166.098958  166.178385   0.031250  0.046875
74  161.761719  161.955729   0.151042  0.212240
76  161.751302  161.899740   0.010417  0.147135
56  161.738281  161.912760   0.194010  0.144531
66  161.811198  162.110677   0.005208  0.227865
76  161.989583  162.111979   0.285156  0.188802
69  162.164062  162.502604   0.397135  0.338542
66  162.328125  162.804688   0.028646  0.752604
54  162.230469  162.480469   0.188802  0.231771
52  162.276042  162.401042   0.214844  0.127604
57  162.358073  162.494792   0.007812  0.075521
72  162.480469  162.692708   0.001302  0.108073
57  162.503906  162.729167   0.121094  0.135417
61  162.690104  162.735677   0.006510  0.054688
69  162.881510  162.841146   0.002604  0.046875
47  162.912760  163.285156   0.003906  0.355469
64  163.011719  163.182292   0.154948  0.187500
33  163.130208  163.328125   0.180990  0.203125
50  162.332031  163.730469  0.794271   0.572917
51  151.927083  152.345052  0.273438   0.302083
70  151.814010  152.380208  0.016927   0.437500
71  126.587240  127.332031  0.533854   0.993490
69  126.152344  126.735677  0.024740   0.476562
59  126.227865  126.682292  0.016927   0.902344
61  126.261719  127.126302  1.118490  0.401042
40  126.169271  126.968750  0.001302  0.200521
64  126.292969  126.430990  0.223958  0.139323
62  126.412760  127.295573  0.002604  0.584635
62  126.354167  126.394531  0.104167  0.125000
40  126.513021  126.705729  0.131510  0.130208
57  171.324219  171.481771  0.111979  0.082031
55  171.623698  171.675781  0.098958  0.098958
55  171.654948  171.733073  0.000000  0.053385
77  171.891927  172.851562  0.533854  0.384115
76  171.921875  171.985677  0.074219  0.058594
76  171.901042  172.013021  0.140625  0.046875
81  171.950521  171.966146  0.009115  0.036458
80  172.023438  172.069010  0.110677  0.045573
71  127.921875  127.990885  0.011719  0.074219
77  127.938802  128.036458  0.048177  0.041667
59  127.921875  127.976354  0.082031  0.093750
81  127.993490  128.069010  0.066406  0.108073
72  128.054688  128.761719  0.000000  0.399740
78  128.055990  128.359375  0.106771  0.352865
53  127.815104  127.972656  0.816406  0.149740
2  127.820312  127.835938  0.000000  0.062500
74  127.888021  128.138021  0.239583  0.220052
60  128.037760  128.416667  0.355469  0.804688
78  127.980469  128.889323  0.032552  0.837240
76  129.027344  129.252604  0.115885  0.281250
70  129.238281  129.397135  0.013021  0.148438
59  129.138021  129.194010  0.113281  0.032552
69  129.260417  129.381510  0.002604  0.119792
50  129.518229  129.841146  0.013021  0.276042
73  129.598958  129.925781  0.014323  0.355469
60  129.694010  129.996094  0.341146   0.996094
66  129.911458  130.126302  0.035156   0.238281
76  129.907552  219.363281  0.234375   0.540365
54  219.667969  219.936198  0.010417   0.208333
62  219.837240  219.986979  0.125000  0.111979
76  219.950521  219.946615  0.088542  0.062500
80  219.782552  219.916667  0.001302  0.119792
48  219.902344  220.023438  0.066406  0.050781
30  219.977865  219.994792  0.096354  0.037760
76  219.955729  220.002604  0.179688  0.083333
34  220.825521  220.916667  0.019531  0.106771
63  220.127604  220.255208  0.013021  0.156250
57  220.048177  220.386719  0.196615  0.425781
75  220.125000  232.272135  0.002604  0.214844
71  230.270833  230.428385  0.036458  0.187500
76  230.242188  230.352865  0.011719  0.119792
69  230.265625  230.305990  0.092448  0.055990
39  230.330729  230.368490  0.066406  0.050781
35  230.242188  230.170573  0.082031  0.031250
59  230.252604  230.289062  0.130208  0.040365
67  230.156250  230.166667  0.001302  0.039062
57  230.212240  230.257812  0.032552  0.065104
92  230.225260  230.316406  0.011719  0.072917
83  230.252604  230.348958  0.101562  0.105469
73  230.296875  230.264323  0.069010  0.055990
39  230.373698  230.490885  0.072917  0.050781
63  230.502604  320.619792  0.003906  0.100260
72  320.880208  320.944010  0.156250  0.048177
64  320.996094  322.033854  0.110677  0.111979
86  320.070312  320.105469  0.058594  0.039062
79  320.277344  320.839844  0.139323  0.190104
73  320.046875  320.070312  0.312500  0.052083
50  320.187500  320.204427  0.000000  0.115885
57   33.040365   33.093750  0.058594  0.049479
80   33.126302   33.250000  0.009115  0.104167
65   33.326823   33.339844  0.013021  0.046875
73   33.143229   33.274740  0.024740  0.057292
67   33.188802   33.216146  0.039062  0.057292
39   33.149740   33.173177  0.074219  0.039062
83   32.428385   32.720052  0.117188  0.204427
60   32.574219   33.282552  0.532552  1.328125
79   32.437500   33.227865  0.537760  1.389323
56   32.930990   33.083333  0.140625  0.171875
63   32.946615   33.061198  0.057292  0.110677
57   32.753906   32.856771  0.011719  0.079427
48   32.845052   32.972656  0.010417  0.055990
66   32.924479   33.019531  0.067708  0.058594
52   32.936198   33.039062  0.074219  0.080729
52   32.906250   33.023438  0.016927  0.080729
77   32.985677   33.048177  0.045573  0.110677
69   33.006510   33.108073  0.157552  0.083333
72   33.093750   33.312500  0.097656  0.213542
58   33.029948   33.067708  0.032552  0.040365
77   33.158854   33.386719  0.170573  0.230469
57   32.485677   32.723958  0.252604  0.210938
69   32.658854   32.735677  0.165365  0.042969
86   32.798177   32.912760  0.085938  0.139323
67   32.828125   33.381510  0.009115  0.667969
3   32.951823   33.080729  0.367188  0.158854
60   32.889323   33.069010  0.338542  0.779948
69   33.164062   33.432292  0.398438  0.205729
47   32.523438   33.092448  0.841146  1.364583
52   32.442708   32.604167  0.134115  0.186198
70   32.679688   32.855469  0.022135  0.188802
73   32.795573   33.091146  0.243490  0.332031
31   32.716146   33.069010  0.375000  0.816406
3   33.083333   33.493490  0.011719  0.424479
49   33.048177   33.093750  0.123698  0.144531
61   33.277344   33.930990  0.018229  0.941406
75   33.648438   33.579427  0.062500  0.046875
60   33.904948   33.985677  0.053385  0.050781
42   34.070312   34.156250  0.196615   0.114583
61   34.042969   34.144531  0.018229   0.225260
63   34.446615   34.992188  0.011719   0.718750
61   34.428385   34.690104  0.014323   0.203125
74   34.447917   34.938802  0.011719   0.592448
43   34.592448   34.917969  0.122396   0.218750
62   34.723958   34.868490  0.424479   0.819010
78   34.657552   35.829427  0.243490   0.739583
71   34.962240   35.585938  0.197917   0.462240
51   34.756510   35.134115   0.000000  0.781250
62   34.768229   35.125000   0.007812  0.326823
57   50.183594   50.305990   0.765625  0.973958
62   51.295573   51.848958  0.244792   0.292969
66   51.014323   51.253906  0.016927   0.223958
73   51.069010   51.898438  0.000000   1.026042
69   53.019531   54.376302   1.708333  0.989583
38   51.975260   52.894531   0.003906  0.708333
67   52.161458   57.289062   0.002604  0.235677
51   52.518229   52.723958   0.018229  0.205729
78   52.453125   52.912760   0.006510  0.371115
69  256.035156  256.157552  0.016927   0.104167
64  256.059896  257.134115  0.040365   0.139323
57  256.260417  257.398438  0.033854   0.927083
62  256.204427  257.253906  0.196615   0.373698
74  256.403646  257.011719  0.190104   0.906250
57  256.377604  256.614583  0.040365   0.239583
57  256.661458  257.127604  0.049479   0.486979
53  256.837240  256.921875  0.088542  0.065104
69  256.984375  257.035156  0.020833  0.088542
81  256.992188  257.037760  0.079427  0.067708
65  251.796875  251.877604  0.091146  0.144531
32  263.938802  264.153646  0.187500  0.161458
79  427.533854  427.617188  0.063802  0.083333
89  427.548177  427.735677  0.062500  0.128906
62  246.972167  246.981771  0.059896  0.067708
66  246.839844  246.886719  0.007812  0.052083
65  246.985677  247.037760  0.062500  0.087240
83  247.104167  247.199219  0.023438  0.091146
36  247.093750  247.199219  0.049479  0.110677
64  247.002604  247.075521  0.003906  0.072917
36  247.040365  247.117188  0.014323  0.055990
50  224.942708  225.010417  0.002604  0.045573
76  225.009115  225.046875  0.095052  0.092448
67  224.608073  224.696615  0.089844  0.053385
52  224.609375  224.763021  0.106771  0.066406
33  224.893229  242.897135  0.097656  0.093854
31  242.864583  242.993490  0.089844  0.061198
88  224.917969  242.984375  0.026042  0.037760
80  242.920573  242.988281  0.092448  0.071615
86  232.092448  232.130208  0.015625  0.074219
74  232.140625  232.230469  0.083333  0.098958
75  232.282552  232.502604  0.031250  0.235677
75  232.325521  233.627604  0.091146  0.485677
52  232.427083  233.555990  0.020833  0.253906
71  233.592448  233.812500  0.180990  0.183594
38  233.507812  233.819010  0.062500   0.372396
60  233.731771  233.861979  0.013021   0.085938
53  233.826823  234.087240  0.031250   0.199219
65  233.908854  233.955729  0.171875   0.101562
58  239.238281  239.269531  0.009115  0.114583
33  239.290365  239.381510  0.071615  0.158854
62  239.382812  239.519531  0.109375  0.119792
76  239.375000  239.559896  0.066406  0.153646
62  239.532552  239.694010  0.135417  0.119792
60  323.029948  323.147135  0.115885  0.135417
67  322.075521  322.127604  0.091146  0.105469
39  322.152344  323.209635  0.108073  0.138021
65  233.661458  233.781250  0.118490  0.072917
86  234.048177  234.042969  0.104167  0.058594
52  233.954219  234.024740  0.024740  0.049479
53  234.119792  234.223958  0.372396  0.144531
33  234.011719  234.173177  0.001302  0.158854
48  234.001302  234.127604  0.078125  0.109375
36  234.037760  234.169271  0.076823  0.138021
34  234.018229  234.266927  0.040365  0.291667
70  243.074219  243.307292  0.125000  0.425781
84  243.261719  243.313802  0.005208  0.055990
48  243.481771  243.506510  0.071615  0.035156
72  243.476562  243.561198  0.079427  0.069010
79  243.540365  243.695312  0.088542  0.126302
47  243.485677  243.731771  0.082031  0.187500
33  243.522135  243.686198  0.114583  0.203125
37  234.720052  234.945312  0.173177  0.243490
54  234.414062  234.501302  0.023438  0.049479
67  234.609375  234.770833  0.063802  0.115885
56  234.308594  234.397135  0.088542  0.055990
38  234.325521  234.417969  0.091146  0.104167
62  234.449219  234.557292  0.027344  0.044271
48  234.701823  234.687500  0.044271  0.065104
79  234.093750  234.122396  0.082031  0.032552
52  234.100260  234.167969  0.093750  0.085938
50  234.118490  234.079427  0.080729  0.075521
63  234.230469  234.167969  0.082031  0.110677
36  234.290365  234.354167  0.001302  0.095052
71  234.221354  234.240885  0.079427  0.078125
62  234.274740  234.386719  0.079427  0.091146
35  234.101562  234.166667  0.079427  0.093750
83  234.106771  234.201823  0.066406  0.084635
81  234.264323  234.341146  0.006510  0.071615
64  234.316406  235.385417  0.023438   0.234375
48  235.342448  235.671875   0.007812  0.298177
64  235.682292  235.932292   0.074219  0.389323
61  235.648438  235.772135   0.024740  0.141927
59  322.753906  322.854167   0.005208  0.083333
68  322.798177  327.901042   0.309896  0.125000
66  327.779427  327.928385   0.031250  0.194010
73  327.631510  327.812500   0.070312  0.115885
64  238.684896  238.742188   0.006510  0.031250
69  238.736979  238.647135   0.011719  0.041667
67  238.859375  238.901042   0.067708  0.044271
57  238.940104  238.986979   0.002604  0.132812
68  238.930990  239.076823   0.026042  0.085938
38  239.089844  239.242188   0.001302  0.139323
65  239.071615  239.139323   0.005208  0.095052
71  239.119792  239.174479   0.093750  0.066406
57  239.161458  239.252604   0.272135  0.122396
40  239.046875  239.187500   0.002604  0.143229
68  239.962240  239.970052   0.006510  0.039062
76  239.975260  239.997396   0.002604  0.042969
31  239.829427  239.970052   0.000000  0.138021
78  239.901042  240.058594   0.005208  0.075521
66  229.962240  230.088542   0.002604  0.139635
38  230.053385  230.168490   0.001302  0.041667
36  203.993490  230.550781   0.001302  0.986979
71   32.614583   33.460938   0.526042  0.591146
37   33.039062   33.380208   0.000000  0.802083
57   33.076823   33.580729   0.740885  0.424479
60   30.312500   30.829427   0.007812  0.462240
68   30.875000   30.988281   0.091146  0.136719
47   30.821615   30.873698   0.055990  0.087240
35   31.869792   31.955729   0.001302  0.031250
58   30.183594   30.282552   0.000000  0.087240
57   30.151042   30.204427   0.007812  0.044271
40   30.191406   30.281250   0.115885  0.049479
52   30.251302   30.391927   0.011719  0.104167
69   30.272135   30.399740   0.002604  0.029948
62   31.023438   31.140625   0.010417  0.143229
37   31.222656   31.361979   0.011719  0.085938
64   31.321615   31.604167   0.053385  0.218750
69   31.483073   31.657552   0.001302  0.210938
73   31.589844   31.731771   0.101562  0.071615
68   31.882812   32.097656   0.016927  0.201823
31   32.048177   32.324219   0.005208  0.283854
28   32.186198   32.979167   0.067708  0.279948
33   30.065104   30.324219   0.011719  0.503906
74   30.307292   30.838542   0.001302  0.667969
62   30.809896   31.177083   0.007812  0.317708
58   30.941406   31.089844   0.010417  0.203125
57   31.640625   32.183594   0.233073  0.683594
49   31.028646   31.149740   0.238281  0.033854
69   31.082031   31.154948   0.126302  0.078125
49   31.041667   31.121094   0.001302  0.058594
63   31.054688   31.140625   0.000000  0.100260
68   31.381510   31.476562   0.005208  0.048177
69   31.471354   31.503906   0.014323  0.089844
59   31.541667   31.752604   0.001302  0.149740
56   31.494792   31.921875   0.029948  0.729167
61   31.447917   32.537760   0.011719  0.687500
57   30.936198   31.005208   0.005208  0.186198
69   31.063802   31.166667   0.016927  0.139323
38   31.069010   31.135417   0.002604  0.042969
72   31.104167   31.151042   0.007812  0.045573
74   31.011719   31.057292   0.080729  0.035156
69   0.118490   20.334635  0.187500   0.240885
57   20.303385   20.911458  0.606771   2.351562
78    3.156250    3.553385  0.029948   0.386719
65    3.460938    3.537760  0.192708   0.117188
61    3.507812    3.701823  0.075521   0.220052
56    3.768229    3.986979  0.006510   0.223958
63    3.773438    4.289062   0.041667  0.933594
67    4.951823    5.872396   0.186198  0.808594
61   29.647135   30..950521  0.200521   0.149740
60    3.945312    5.166667  0.007812   0.574219
50    4.628906    5.007812   0.009115  0.319010
60   40.916667   41.289062   0.019531  0.300781
68   40.066406   40.253906   0.984375  0.355469
50   40.337240   40.518229   0.001302  0.158854
40   40.451823   40.713542   0.005208  0.272135
69   40.585938   40.851562   0.018229  0.221354
62   40.595052   41.083333   0.522135  1.928385
61   40.697917   41.286458   0.603646  0.656250
66   41.023438   41.204427   0.015625  0.
56771
66   41.027344   41.260417   0.428385  0.126302
71   41.169271   41.282552   0.001302  0.075521
43   412.119792   412.580729   0.005208   0.498698
68   412.246094   412.397135   0.024740   0.096354
76   412.583333   412.694010   0.003906   0.097656
51   412.722656   412.832031   0.278646   0.096354
89   417.139323   417.240885   0.093750   0.114583
73   417.218750   417.247396   0.123698   0.061198
67   417.222656   417.279948   0.118490   0.052083
80   417.140625   417.230469   0.000000   0.100260
61   417.382812   417.539062   0.117188   0.148438
56   417.673177   417.752604   0.036458   0.092448
72   417.739583   417.782552   0.080729   0.069010
61   417.959635   417.975260   0.082031   0.032552
72   417.977865   418.019531   0.104167   0.048177
55   418.100260   418.165365   0.083333   0.118490
76   418.135417   418.173177   0.075521   0.072917
75   418.109375   418.209635   0.005208   0.102865
72   419.083333   419.207031   0.003906   0.072917
65   419.045573   419.138021   0.089844   0.074219
89   419.023438   419.160156   0.024740   0.117188
56   419.125000   419.162760   0.088542   0.042969
73   419.118490   419.147135   0.098958   0.048177
39   419.108073   419.164062   0.092448   0.033854
87   419.114583   419.182292   0.119792   0.079427
48   419.141927   419.255208   0.104167 