74    1.023438    1.085938  0.000000  0.062500
73    1.071615    1.203125  0.225260  0.141927
73    1.967448    2.407552  0.083333  0.575521
64   21.735677   22.197917  0.229167  0.785156
5   21.786458   22.161458  0.199219  0.385417
75   22.083333   22.442708  0.770833  0.324219
8   22.643229   22.697917  0.109375  0.109375
59   27.348958   27.427083  0.078125  0.078125
71   27.347656   27.397135  0.001302  0.072917
65   27.345542   27.472656  0.093750  0.111979
74   27.441406   27.472656  0.003906  0.049479
64   27.483073   27.471354  0.091146  0.058594
78   27.625000   27.781250  0.005208  0.118490
81   27.644531   27.768229  0.084635  0.054688
35   27.830729   27.855469  0.080729  0.067708
41   27.959635   27.971354  0.091146  0.048177
53   27.940104   27.992188  0.079427  0.050781
67   27.878906   28.593750  0.019531  0.695312
59   28.063802   28.531250  0.187500  0.451823
59   28.031250   28.351562  0.111979  0.322917
74   28.143229   28.234375  0.096354  0.096354
69   28.134115   28.300781  0.005208  0.106771
83   28.195312   28.304688  0.123698  0.126302
69   28.118490   28.180990  0.092448  0.058594
72   28.149740   28.203125  0.020833  0.071615
54   28.265625   28.341146  0.074219  0.082031
53   28.239583   28.290365  0.091146  0.057292
59   28.214844   28.348958  0.009115  0.157552
55   28.238281   28.303385  0.009115  0.101562
67   28.335938   28.475260  0.087240  0.119792
76   28.343750   28.447917  0.156250  0.093750
57   28.441406   28.569010  0.105469  0.174479
31  226.800781  226.912760  0.014323  0.098958
55  226.923177  226.962240  0.074219  0.048177
50  227.063802  227.139323  0.158854  0.083333
31  227.057292  227.138021  0.119792  0.057292
71  227.151042  227.199219  0.091146  0.050781
60  227.207031  227.295573  0.018229  0.054688
83  272.384115  272.561198  0.162760  0.096354
87  272.535156  272.589844  0.087240  0.059896
55  272.548177  227.786458  0.141927  0.213542
65  227.770833  227.802083  0.023438  0.052083
43  272.867188  272.967448  0.036458  0.079427
62  272.958333  273.052083  0.110677  0.057292
55  272.947917  272.966146  0.014323  0.040365
55  272.869792  272.959635  0.083333  0.074219
91  272.859375  272.914062  0.087240  0.049479
62  272.968750  272.985677  0.096354  0.057292
43  272.979167  272.989583  0.080729  0.059896
59  272.994792  227.959635  0.076823  0.080729
59  229.108073  229.246094  0.102865  0.119792
65  229.057292  229.108073  0.097656  0.082031
84  229.235677  229.342448  0.083333  0.093750
76  229.360677  229.527344  0.109375  0.192708
59  229.343750  229.604167  0.209635  0.220052
35  229.209635  229.805990  0.005208  0.430990
32  229.010417  229.373698  0.234375   0.445312
68  229.988281  230.475260  0.013021  0.467448
68  239.104167  239.169271  0.002604  0.098958
72  239.221354  239.274740  0.074219  0.045573
45  239.131510  239.209635  0.097656  0.085938
36  239.389323  239.500000  0.028646  0.096354
52  239.434896  239.540365  0.089844  0.110677
83  239.497396  239.546875  0.097656  0.079427
78  239.738281  239.829427  0.194010  0.097656
60  239.854167  239.899740  0.007812  0.044271
41  239.778646  239.559896  0.088542  0.044271
59  293.865885  239.805990  0.028646  0.078125
67  293.759115  293.875000  0.083333  0.089844
58  293.777344  293.845052  0.186198  0.100260
80  298.566406  298.627604  0.026042  0.027344
77  299.605469  299.648438  0.007812  0.059896
33  299.968750  299.984375  0.190104  0.049479
59  299.092448  299.148438  0.020833  0.033854
52  299.199219  299.250000   0.075521  0.061198
73  299.088542  299.197917   0.024740  0.087240
61  299.182292  299.236979   0.209635  0.044271
45  298.148438  298.286458   0.273438  0.118490
52  298.088542  298.197917   0.246094  0.049479
54  299.161458  299.203125   0.009115  0.041667
61  291.786458  291.850260   0.458333  0.049479
66  296.937500  297.039062   0.001302  0.065104
45  297.057292  297.083333   0.006510  0.033854
71  296.882812  296.865885   0.000000  0.028646
49  297.042969  297.121094   0.006510  0.041667
55  297.138021  297.194010   0.002604  0.041667
33  297.188802  297.200521   0.005208  0.050781
62  297.341146  297.432292   0.279948  0.039062
78  297.32812   79.584635   0.039062  0.298177
78  297.516927  297.687292   0.026042  0.144531
65  297.781250  298.013021   0.005208  0.171875
73  297.826823  297.868490   0.278646  0.039062
64  297.815104  297.885417   0.005208  0.029948
45  297.884115  298.876302   0.007812  0.274740
49  298.110677  298.205729   0.266927  0.164062
57  298.148438  298.244792   0.341146  0.065104
74  299.148438  299.207031   0.006510  0.054688
78  299.218750  299.286458   0.024740  0.041667
58  429.010417  429.062500   0.199219  0.048177
33  429.087240  429.123698   0.118490  0.063802
58  429.299479  429.378906  0.053385  0.057292
48  429.269531  429.394531  0.143229  0.143229
43  429.270833  429.339844  0.074219  0.074219
53  429.285156  429.423177  0.069010  0.100260
44  429.250000  429.296875  0.002604  0.049479
43  429.169271  429.273438  0.098958  0.125000
72  429.285156  429.378906  0.076823  0.079427
68  429.270833  429.294271  0.066406  0.070312
33  429.201823  429.378906  0.088542  0.097656
70  429.305990  430.088542  0.063802  0.559896
6   43.265625   43.613281  0.000000  0.399740
48   424.296875   424.588542  0.005208  0.295573
79   424.246094   424.666667  0.591146  0.622396
72   424.388021   424.644531  0.428385  0.285156
01   424.044271   424.139323  0.003906  0.066406
70   424.067708   424.179688  0.393229  0.093750
71   424.036458   424.123698  0.010417  0.093750
58   424.058594   424.148438  0.032552  0.036458
83   424.140625   424.214844  0.123698  0.088542
64   424.045573   424.110677  0.013021  0.071615
33   424.063802   424.130208  0.022135  0.057292
64  424.018229  424.173177  0.000000  0.128906
52  421.739583  422.200521  0.286458   0.328125
71  421.733073  421.871094  0.248698   0.071615
65  421.005208  422.046875  0.677083   0.963542
62  241.044271  241.372396  0.026042   0.380208
54  214.937500  215.136719  0.014323   0.207031
52  214.604167  214.669271   0.238281  0.055990
66  214.630208  214.673177   0.013021  0.031250
56  214.842448  214.868490   0.003906  0.029948
68  214.867188  215.123698   0.007812  0.492188
59  214.954427  215.135417   0.006510  0.203125
59  215.074219  215.410156   0.002604  0.345052
53  216.557292  216.657552   0.236979  0.087240
66  216.778646  216.876302   0.005208  0.149740
66  217.070312  217.087240  0.128906  0.050781
68  217.063802  217.105469  0.098958  0.067708
64  217.363281  217.415365  0.079427  0.048177
81  217.277344  217.348958  0.063802  0.093750
50  217.346354  217.425781  0.087240  0.089844
76  217.259115  217.303385  0.082031  0.080729
67  217.468750  217.502604  0.079427  0.046875
50  271.260417  271.347656  0.153646  0.084635
35  262.713542  262.830729  0.174479  0.093750
47  271.545573  271.602865  0.088542  0.091146
41  271.610677  271.679688  0.100260  0.035156
86  271.550781  271.665365  0.102865  0.089844
77  267.045573  267.115885  0.096354  0.102865
83  276.723958  276.812500  0.001302  0.058594
50  276.691406  276.809896  0.083333  0.098958
55  276.718750  276.852865  0.098958  0.093750
57  276.848958  276.835938  0.055990  0.049479
55  276.938802  277.042969  0.088542  0.055990
77  276.983073  277.985677  0.005208  0.095052
62  271.859375  272.089844  0.061198  0.188802
47  279.169271  279.360677  0.218750   0.221354
65  279.256510  280.619792  0.033854   3.429948
59  287.130208  287.480469  0.019531   0.361979
73  279.414062  280.341146  0.000000   0.466146
55  279.916667  279.992998  0.006510   0.063802
48  279.996094  280.179688  0.007812   0.179688
43  280.022135  280.177083  0.087240  0.121094
67  280.054688  280.186198  0.076823  0.138021
79  280.946615  280.998698  0.048177  0.049479
45  280.973958  281.033854  0.063802  0.098958
44  280.944010  281.000000  0.117188  0.063802
57  280.946615  281.046875  0.082031  0.138021
68  280.953125  281.033854  0.100260  0.075521
56  280.985677  280.988281  0.010417  0.066406
50  280.949219  280.984375  0.000000  0.074219
83  280.949219  280.986979  0.070312  0.049479
52  280.923177  281.023438  0.001302  0.091146
61  280.984375  280.979167  0.018229  0.048177
53  280.959635  280.985177  0.026042  0.063802
59  280.742188  280.877604  0.096354  0.184896
83  280.826823  280.886719  0.053385  0.092448
47  280.792969  280.953125  0.441406  0.169271
60  280.960938  281.209635  0.001302  0.277344
66  280.894531  281.093750  0.006510  0.205729
41  280.955729  282.039062  0.194010  0.126302
74  282.054688  282.664062  0.259115  0.631510
54  282.190104  282.425781  0.259115  0.178385
54  282.183594  282.259115  0.000000  0.069010
57  282.278646  282.295573  0.050781  0.053385
83  282.333333  282.428385  0.071615  0.091146
71  282.257812  282.304167  0.097656  0.097656
52  282.397135  282.500000  0.145833  0.104167
88  282.518229  282.582031  0.097656  0.070312
57  282.505208  282.623698  0.009115  0.109375
62  282.664062  282.860677  0.005208  0.174479
53  278.459635  278.602865  0.002604  0.126302
62  278.654948  278.804688  0.096354  0.108073
76  278.779948  287.847656  0.098958  0.084635
74  278.799479  278.804688  0.144531  0.072917
88  278.683594  278.953125  0.001302  0.210938
49  278.871094  279.109375  0.029948  0.244792
76  278.993490  279.389323  0.001302  0.451823
35  279.203125  280.467448  0.007812  0.596354
76  279.885417  280.135417  0.078125  0.200521
59  280.014323  280.367188  0.122396  0.410156
55  280.238281  280.377604  0.088542  0.126302
55  280.509115  280.628906  0.003906  0.096354
66  280.636719  280.667969  0.006510  0.065104
62  280.647135  280.684505  0.039062  0.080729
88  280.764323  280.799479  0.031250  0.058594
79  280.873698  280.933594  0.091146  0.057292
88  280.954427  280.985677  0.093750  0.069010
56  280.924479  280.968750  0.002604  0.078125
48  280.867188  280.980469  0.087240  0.114583
48  280.813802  280.855469  0.076823  0.091146
50  280.928385  280.985677  0.084635  0.098958
60  280.941406  281.040365  0.009115  0.091146
54  280.988281  280.977865  0.076823  0.049479
42  280.821615  280.858073  0.006510  0.059896
61  280.828125  280.867188  0.048177  0.108073
59  280.930990  280.985677  0.035156  0.054688
75  280.946615  280.994792  0.058594  0.091146
53  280.838542  280.877604  0.014323  0.079427
36  280.877604  280.859375  0.010417  0.046875
56  280.930990  280.955729  0.009115  0.052083
73  280.885417  280.856771  0.003906  0.045573
33  280.945312  281.031250  0.084635  0.098958
41  280.895833  280.957031  0.001302  0.096354
75  208.859375  208.837240  0.097656  0.049479
83  280.889323  280.997396  0.125000  0.134115
64  280.805990  280.954427  0.001302  0.147135
74  280.779948  280.865885  0.158854  0.091146
47  280.933594  281.063802  0.157552  0.130208
83  280.985677  281.098958  0.010417  0.141927
64  208.873698  208.899740  0.005208  0.079427
55  280.949219  281.005208  0.002604  0.066406
53  280.902344  280.947917  0.096354  0.055990
67  280.945312  281.070312  0.013021  0.125000
62  280.967448  281.214844  0.014323  0.227865
76  208.881510  209.016927  0.097656  0.154948
86  280.968750  281.049479  0.092448  0.087240
37  280.944010  281.063802  0.006510  0.091146
81  280.960938  281.046875  0.076823  0.039062
52  280.950521  281.052083  0.010417  0.058594
55  280.960938  281.046875  0.078125  0.074219
67  280.996094  280.985677  0.053385  0.070312
71  280.923177  280.964844  0.079427  0.057292
84  280.764323  280.812500  0.000000  0.074219
84  288.567708  288.617188  0.002604  0.058594
84  288.412760  288.524740  0.079427  0.074219
81  288.472656  288.460938  0.091146  0.095052
60  288.371094  288.513021  0.084635  0.095052
64  288.498698  288.583333  0.003906  0.059896
64  288.596354  288.716146  0.002604  0.127604
77  288.778646  289.808594  0.001302   0.317708
66  288.899740  289.009115  0.003906   0.152344
68  289.063802  289.210938  0.233073   0.240885
66  289.014635  289.184896  0.213542  0.108073
91  280.125000  280.188802  0.062500  0.079427
58  280.946615  280.973958  0.059896  0.055990
36  280.877604  280.927083  0.087240  0.063802
53  280.975260  280.973958  0.098958  0.088542
84  280.914062  281.045573  0.018229  0.089844
71  280.817708  280.813802  0.009115  0.055990
50  280.875000  280.963542  0.113281  0.093750
37  280.951823  281.005208  0.384115  0.057292
55  280.968750  281.027344  0.194010  0.063802
53  280.954427  280.968750  0.096354  0.059896
65  280.955729  281.024740  0.069010  0.093750
83  281.996094  282.053385  0.082031  0.049479
41  282.125000  282.223958  0.091146  0.079427
54  282.165365  282.230469  0.079427  0.071615
64  282.343750  282.269531  0.018229  0.048177
55  273.500000  273.528646  0.097656  0.045573
41  273.635417  273.722656  0.059896  0.069010
85  273.518229  284.541667  0.096354  0.114583
71  285.126302  285.298177  0.131510  0.080729
55  285.049479  285.108073  0.061198  0.062500
43  285.218750  285.351562  0.092448  0.135417
73  285.528646  285.591146  0.092448  0.066406
83  285.553385  285.644531  0.028646  0.088542
58  285.746094  285.660156  0.010417  0.033854
37  285.757812  285.803385  0.013021  0.083333
79  285.914062  286.053385  0.074219  0.127604
48  280.794271  280.863281  0.390625  0.098958
53  280.875000  280.928385  0.066406  0.092448
53  280.839844  280.867188  0.089844  0.089844
48  280.809896  280.825521  0.003906  0.097656
59  280.641927  280.725260  0.007812  0.105469
83  280.817708  280.877604  0.105469  0.057292
63  280.947917  281.041667  0.092448  0.095052
52  280.950521  281.074219  0.014323  0.101562
46  280.964844  280.951823  0.074219  0.096354
81  280.011719  280.071615  0.071615  0.079427
62  282.044271  282.268229  0.053385  0.148438
56  282.063802  282.208333  0.023438  0.128906
81  282.251302  282.397135  0.003906  0.121094
47  273.238281  273.279948  0.088542  0.040365
71  273.252604  273.269531  0.104167  0.042969
29  273.234375  273.343750  0.083333  0.098958
83  273.320312  273.454427  0.105469  0.072917
61  273.363281  273.453125  0.085938  0.041667
69  273.540365  273.625000  0.082031  0.098958
55  273.674479  273.792969  0.102865  0.097656
33  273.812500  273.938802  0.016927  0.118490
55  273.993490  273.967448  0.019531  0.058594
75  278.946615  279.989583  0.091146  0.074219
64  287.024740  287.071615  0.097656  0.054688
55  280.847656  280.856771  0.066406  0.070312
53  288.018229  288.095052  0.080729  0.079427
64  289.061198  289.138021  0.088542  0.143229
66  289.058594  289.093750  0.009115  0.029948
55  289.354167  289.559896  0.209635  0.261719
49  289.859375  289.966146  0.005208  0.114583
36  289.835938  289.838542  0.003906  0.050781
65  298.608073  298.678385  0.160156  0.044271
68  298.722656  298.766927  0.119792  0.078125
72  298.855469  299.001302  0.186198  0.187500
79  299.058594  299.143229  0.107552  0.071615
59  299.091146  299.123698  0.000000  0.050781
31  299.235677  299.251302  0.007812  0.032552
69  429.083333  429.569010  0.027344  0.542969
50  429.855469  430.097656  0.186198  0.188802
48  294.089844  294.316406  0.083333  0.122396
83  429.082031  140.130208  0.179688  0.143229
53  419.203125  429.309896  0.023438  0.140625
72  429.282552  429.796875  0.024740  0.774740
75  429.048177  429.372396  0.343750  0.451823
60  429.201823  429.695312  0.022135  0.493490
43  429.416667  429.653646  0.192708  0.200521
71  429.761719  430.063802  0.010417  0.541667
73  447.904948  448.029948  0.085938  0.059896
48  447.937500  449.322917  0.320312   0.324219
62  449.197917  449.489583   0.135417  0.325521
68  440.930990  42.934896   0.278646  1.174488
45  402.006510  402.976562   0.158854  1.085938
73  431.506510  431.605469   0.183594  0.134115
57  440.097656  440.179688   0.134115  0.111979
55  440.751302  441.066406   0.188802  0.246094
71  449.355469  449.473958   0.169271  0.105469
66  449.305990  459.489583   0.157552  0.126302
72  447.753906  447.860677   0.182292  0.190104
61  447.653646  447.667969   0.180990  0.104167
78  447.687500  447.828125   0.151042  0.148438
71  454.299479  459.488281   0.001302  4.506510
68  457.598958  459.846354   0.035156  0.640625
43  459.208333  459.511719   0.173177  0.214844
66  459.567706  459.765625   0.005208  0.305990
71  459.640625  459.846354   0.196615  0.229167
62  459.623698  459.873698   0.151042  0.244792
59  459.763021  459.962240   0.180990  0.233073
66  459.875000  460.007812   0.138021  0.102865
61  464.786458  465.496094   0.010417  0.829427
57  463.774740  463.960938   0.158854  0.192708
62  463.800781  463.972656   0.153646  0.097656
71  464.729167  465.066406   0.149740  0.382812
45  460.626302  460.763021   0.158854  0.104167
65  460.677083  460.815104   0.166667  0.100260
73  460.635417  460.739583   0.156250  0.079427
71  466.453125  466.569010   0.033854  0.039062
60  466.513021  466.666667   0.019531  0.100260
61  644.574219  644.756510   0.139323  0.170573
71  466.436198  466.638021   0.151042  0.203125
81  466.723958  465.805990   0.000000  0.281250
72  466.029948  466.674479   0.045573  0.467448
67  460.800781  460.989583   0.194010  0.130208
27  460.498698  460.665365   0.225260  0.165365
62  460.584635  641.346354   0.335938
57    95.565104    95.805990  0.001302  0.195312
47    95.576823    95.757812  0.192708  0.180990
39    95.545573    95.687500  0.007812  0.152344
48    95.660156    95.733073  0.003906  0.087240
82    95.954427    96.006510  0.010417  0.075521
47    96.031250    96.210938  0.000000  0.180990
  65    97.091146    97.944010  0.009115  0.264323
  65    97.582031    98.024740  0.348958  0.477865
  55    97.811198    97.972656  0.058594  0.130208
  58    97.873698    97.863281  0.062500  0.036458
  61    97.923177    97.993490  0.037760  0.093750
  74    97.953125    98.023438  0.031250  0.061198
  86    98.087240    98.200521  0.097656  0.188802
  66    97.927083    98.048177  0.007812  0.187500
  71    97.921875    98.098958  0.000000  0.148438
  53    97.975260    98.337240  0.018229  0.470052
  49    97.739583    93.054688  0.033854  0.821615
  27    98.131510    98.260417  0.001302  0.105469
  37   290.776562   290.816406  0.115885  0.063802
  59   290.154948   290.278646  0.042969  0.096354
  54   290.197917   290.618490  0.023438  0.533854
  74   290.979167   291.199219  0.003906  0.263021
  49   290.996094   291.234375  0.002604  0.253906
  45   290.979167   291.365885  0.191406  0.489583
  55   290.498698   290.472656  0.165365  0.078125
  54   290.108073   290.180990  0.002604  0.067708
  54   290.148438   290.179688  0.013021  0.074219
  94   290.270833   290.680990  0.001302  0.442708
  71   290.850260   292.257812  0.002604  0.690104
  21   290.919271   292.390625  0.002604  2.600260
  84   291.062500   292.358073  0.242188  0.756510
  63   291.096354   292.338542  0.106771  0.996094
  77   291.289062   291.671875  0.000000  0.397135
  79   291.019531   291.296875  0.279948  0.243490
  44   291.080729   292.177083  0.157552  0.309896
  74   291.950521   292.588542  0.002604  0.520833
  44   292.007812   292.598958  0.000000  0.589844
  54   292.955729   293.355469  0.010417  0.376302
  49   293.058594   293.394531  0.253906  0.305990
  54   293.757812   294.033854  0.026042  0.341146
  79   293.634115   300.144531  0.016927  0.792969
  54   293.819010   294.044271  0.287760  0.139323
  71   293.789062   294.277344  0.483073  0.528646
57   294.095052   294.578125  0.149740  0.477865
50   294.019531   294.170573  0.450521  0.087240
74   428.035156   428.169271  0.162760  0.166667
74   429.046875   429.177083  0.130208  0.154948
84   429.057292   429.078125  0.006510  0.053385
61   429.031250   429.105469  0.002604  0.076823
78   429.065104   429.145833  0.003906  0.070312
47   429.244792   429.669271  0.002604  0.346354
83   429.154948   429.309896   0.001302   0.167969
50   429.269531   429.333333   0.007812   0.062500
56   429.269531   429.356771   0.007812   0.076823
75   429.563802   429.920573  0.001302  0.368490
51   429.858073   430.080729  0.125000  0.179688
63   429.947917   430.027344  0.000000  0.096354
59   440.006510   440.