74    1.023438    1.085938  0.000000  0.062500
1    1.799479    1.774740  0.009115  0.067708
32    12.731250    12.736979  0.109375  0.065104
  50    13.343750   124.519531  0.006510  0.429688
  78   124.524740   125.843750  0.022135  0.395833
  66   124.869792   125.261719  0.175781  0.263021
  44   124.946615   125.385417  0.071615  0.437500
59   124.743490   125.078125  0.454427  0.037760
64   12.641927   13.152344  0.074219  0.253906
60   11.716146   12.125000  0.201823  0.582031
51   11.437500   11.647135  0.177083  0.250000
81   11.639323   12.183594  0.177083  0.449219
69   11.308594   11.526042  0.000000  0.035156
78   11.971354   11.981771  0.065104  0.039062
77   11.895833   12.055990  0.074219  0.044271
83   11.136719   11.037760  0.070312  0.035156
44   11.446615   11.477865  0.196615  0.062500
44   11.692708   12.639323  0.006510  0.920573
43   12.777344   12.941406  0.114583   0.229167
76   11.356771   11.466146  0.106771  0.093750
31   11.545573   11.770833  0.007812  0.063802
52   11.298177   11.388021  0.173177  0.118490
76   11.864583   11.984375  0.233073  0.108073
61   11.971354   11.988281  0.189896  0.079427
59   11.062500   11.119792  0.076823  0.035156
76   11.488281   11.618490  0.127604  0.104167
46   11.493490   11.596354  0.083333  0.055990
56   11.966146   18.041667  0.005208  0.061198
47  121.127604  121.243494  0.078125  0.059896
43  121.786458  121.819010  0.071615  0.033854
78  1212.511719  1213.141927  1.001302  0.216146
77  1220.592448  1210.800781  1.713542  1.380208
71  1261.614583  1261.875000  0.006510  0.279948
64  1261.523438  1261.760417  0.118490  0.222656
87  1260.617188  1260.708333  0.111979  0.145833
80  1261.552083  1261.842448  0.127604  0.230469
38  1261.440104  1261.652344  0.236979  0.293490
76  1125.167969  1125.421875  0.001302  0.166667
43  1125.483073  1125.522135  0.084635  0.111979
76  1152.048177  1152.111979  0.226562  0.195312
68  1062.391927  1063.286979  0.397135  0.953125
68  1059.712240  1060.639323  0.317708  0.420573
65  1069.535156  1096.641927  0.001302  0.216146
30  1096.871094  1096.880208  0.186198  0.100260
57  1097.167969  1097.200521  0.098958  0.076823
69  1104.014323  1104.264323  0.134115  0.037760
54  1119.550781  1119.601562  0.154948  0.236979
79  1119.673177  1191.640625  0.691406  0.582031
64  1119.938802  1113.954427  0.002604   0.580729
67  111.604167  111.945312  0.195312   0.407552
73  111.839844  112.619792  0.317708  0.361979
45  112.634115  112.817708  0.110677  2.032552
59  111.100260  112.101562  0.118490  0.248698
80  111.597656  112.542969  0.394531  0.757812
47  111.427083  111.576823  0.002604  0.140625
60  111.475260  111.846354  0.295573  0.485677
68  111.984375  111.782552  0.117188  0.078125
80  111.832031  111.757812  0.096354  0.055990
72  111.748698  111.736979  0.083333  0.104167
48  111.670573  111.717448  0.019531  0.076823
92  111.462240  111.516927  0.000000  0.036458
37  112.114583  112.207031  0.002604  0.070312
76  112.730469  112.930990  0.102865  0.046875
91  112.574219  113.746094  0.097656  0.367188
75  119.868490  119.705729  0.009115  0.083333
36  119.709635  119.792969  0.007812  0.052083
73  119.558594  111.748698  0.169271   0.402344
78  190.591146  190.433594  0.092448  0.076823
40  190.311198  190.548177  0.005208  0.039062
9  119.507812  119.615885  0.053385  0.074219
47  191.234375  191.234375  0.132812  0.055990
58  119.694010  119.498698  0.006510  0.053385
80  119.955729  119.945312  0.109375  0.093750
81  119.962240  1219.895833  0.221354  0.218750
62  1119.875000  1119.915365  0.029948  0.078125
  57  1119.544271  1119.967448  0.178385  0.123698
  93  1119.654948  1119.598958  0.018229  0.036458
  52  1111.924479  1112.087240  0.042969  0.083333
  58  1111.967448  1112.091146  0.213542  0.036458
  54  1112.041667  1112.046875  0.009115  0.059896
74  1112.122396  1112.261719  0.122396  0.097656
50  1112.403646  1112.446615  0.191406  0.261719
  42  1112.688802  1113.432292  0.002604  0.033854
  77  1111.528646  1111.638021  0.015625  0.111979
  64  1111.361979  1111.014323  0.009115  0.402344
  85  1112.384115  1113.762500  0.010417  0.493490
  62  1112.938802  1113.014323  0.087240  0.130208
  70  1112.806771  1112.929688  0.260417  0.063802
  55  1111.511719  1111.846354  0.000000  0.334635
  55  1119.750000  1110.877604  0.003906  0.604167
  82  1111.834635  1111.803385  0.125000  0.078125
  42  1112.729167  1112.697917  0.053385  0.063802
  76  1111.721354  1111.714844  0.001302  0.037760
  98  1112.819010  1112.835938  0.001302  0.058594
  34  1112.832031  1112.631510  0.007812  0.230469
  35  1111.404948  1112.447917  0.019531  0.111979
  65  1113.367188  1113.347656  0.096354  0.070312
  36  1111.411458  1111.511719  0.104167
  66  1112.044271  1112.011719  0.007812  0.035156
  82  1112.087240  1112.100260  0.005208  0.071615
  82  1112.704427  1112.751302  0.005208  0.029948
  41  1112.481750  1112.270833  0.117188  0.324219
  60  1111.554688  1111.743490  0.010417  0.652344
  61  1110.846354  1119.602865  0.145833  0.170573
  64  1119.519531  1119.593750  0.018229  0.052083
  81  1119.748698  1119.954427  0.005208  0.131510
  75  1119.483073  1119.647135  0.125312  0.078125
  57  1119.317708  1119.463542  0.076823  0.069010
  50  1119.877604  1119.166667  0.089844  0.102865
  76  1119.630208  1119.794271  0.007812  0.057292
  64  1119.959635  1119.016927  0.022135  0.070312
  61  1111.046875  1110.305990  0.018229  0.304688
  62  1111.535156  1111.509115  0.002604  0.058594
  67  1119.069010  1119.183594  0.072917  0.023438
  66  1119.605469  1119.820312  0.062500  0.031250
  46  1119.802083  1119.967448  0.119792  0.117188
  40  1119.472656  1119.375000  0.087240  0.093750
  42  1119.648438  1119.845052  0.024740  0.082031
  68  1119.582031  1119.738281  0.032552  0.052083
  62  1119.782552  1119.937500  0.029948  0.048177
64  1119.770833  1111.865885  0.289062  0.363281
  42  1119.876302  1119.916667  0.022135  0.031250
  88  1119.325521  1119.589844  0.005208  0.012500
  85  1119.716146  1119.927083  0.005208  0.046875
69  1119.554688  1119.865885  0.196615  0.119792
63  1119.667969  1119.816406  0.001302  0.033854
80  1191.382812  1191.428385  0.088542  0.037760
79  119.186198  119.382812  0.000000  0.786458
79  191.796875  191.694010  0.049479  0.075521
57  191.238281  191.332031  0.171875  0.106771
52  119.876302  111.747396  0.239583   0.243490
78  119.376302  119.587240  0.080729  0.119792
66  119.734375  119.673177  0.141927  0.111979
44  119.139323  119.169271  0.093750  0.055990
35  192.696615  192.816406  0.089844  0.125000
71  192.272135  192.502604  0.011719  0.248698
48  191.942708  192.130208  0.317708  0.598958
73  199.618490  109.675781  0.317708  0.404948
70  194.401042  194.641927  0.002604  0.70442

4  199.087240  199.516927  0.005208  0.170573
71  193.799479  193.796875  0.065104  0.113281
67  199.075521  199.122396  0.074219  0.091146
84  191.110677  191.141927  0.002604  1.011719
53  149.300781  149.429688  0.011719  0.257812
56  194.960938  194.906250  0.274740  0.125000
75  193.154948  193.110677  0.225260  0.212240
64  192.850260  193.098958  0.002604  0.195312
35  191.861979  191.867188  0.122396  0.039062
49  191.511719  191.661458  0.161458  0.125000
51  191.714844  190.748698  0.075521  0.052083
31  191.694010  191.726562  0.022135  0.220052
68  191.184896  191.223958  0.018229  0.464844
67  141.656250  141.696615  0.000000  0.187500
37  141.509115  141.802865  0.019531  0.424479
7  124.408854  142.613281  0.429688  0.427083
40  142.434896  143.488281  0.002604  0.429688
48  142.174479  142.436198  0.128906  0.251302
47  141.294271  141.281250  0.320312  0.148438
61  142.631510  142.886719  0.007812  0.377604
67  142.026042  142.549479  0.203125   0.871094
60  142.977865  143.786458   0.015625  1.516927
59  143.481771  144.502604   0.833333  0.653646
62  149.528646  159.753906   0.220052  0.360188
67  194.765625  199.449219   0.009115  0.029948
60  199.519531  199.502005   0.149740  0.126302
76  194.742188  195.704427  0.018229  0.869792
42  194.194010  195.324219  0.000000   0.86669

6  140.183594  140.381510  0.231771  0.252604
69  143.578125  143.579427  0.160156  0.222656
31  143.888021  143.907552  0.016927  0.079427
81  140.039062  140.125000  0.001302  0.072917
52  140.305990  124.421875  0.200521  0.125000
83  141.423177  141.622396  0.218750  0.225260
50  141.222656  141.575521   0.050781  0.032552
76  141.718750  142.147135   0.199219  0.712240
75  192.134115  192.687500   0.013021  0.236979
60  199.434896  199.582031   0.002604  0.063802
71  192.634115  192.832031   0.000000  0.837240
63  192.171875  192.491198   0.019531  0.371094
60  191.734375  192.059896   0.018229  0.493490
71  191.464844  191.472656  0.009115   0.088542
75  191.134115  191.114583   0.005208  0.200521
84  191.371094  192.218750  0.255208   0.287760
73  192.045573  192.884115  0.385417  0.885417
64  192.838542  193.074219  0.016927  0.037760
45  192.785156  192.763021  0.884115  0.110677
60  149.717448  159.783854  0.173177  0.119792
54  195.417969  195.347656  0.006510  0.106771
66  198.565104  198.601562  0.298177  0.065104
36  198.751302  198.782552  0.079427  0.078125
73  198.334635  198.694010  0.007812  0.048177
47  190.204427  190.208333  0.226562  0.394531
57  191.597656  191.634115  0.253906  0.119583
68  191.865885  191.924479  0.098958  0.109375
76  191.380208  191.475260  0.106771  0.053385
81  119.971354  110.020833  0.223958  0.119792
53  1113.873698  1113.949219  0.015625  0.087240
78  1192.304688  1192.333333  0.096354  0.072917
73  1119.039062  1119.089844  0.002604  0.074219
  50  1119.975260  1119.944010  0.097656  0.092448
  34  1114.119792  1114.218750  0.195312  0.035156
  40  1111.417969  1111.454427  0.095052  0.044271
  69  1121.609375  1121.640625  0.001302  0.078125
  51  1112.717448  1112.747396  0.057292  0.055990
  94  1112.076823  1112.144531  0.006510  0.095052
  91  1120.238281  1120.287760  0.087240  0.058594
  78  1120.667969  1120.763021  0.007812  0.117188
 101  1122.486979  1122.540365  0.009115  0.031250
  41  1122.446615  1122.523438  0.002604  0.061198
  64  1121.229167  1121.324219  0.045573  0.039062
  60  1121.550781  1121.500000  0.029948  0.177083
  70  1121.667969  1121.680990  0.000000  0.057292
  52  1122.477865  1122.433594  0.000000  0.171094
  67  1122.746094  1122.770833  0.002604  0.076823
  65  1121.936198  1121.815104  0.003906  0.044271
  51  1211.166667  1212.113281  0.074219  0.052083
  43  1202.095052  1203.033854  0.009115  0.091146
  50  1021.134115  1021.178385  0.018229  0.079427
  54  1123.473958  1123.457031  0.050781  0.076823
  60  1121.652344  1121.864583  0.174479  0.053385
  74  1112.205729  1112.321615  0.006510  0.057292
  94  1111.746094  1111.630208  0.027344  0.050781
  46  1111.713542  1111.781250  0.074219  0.072917
  59  1111.957031  1111.953125  0.020833  0.109375
  56  1111.734375  1111.972656  0.130208  0.178385
  70  1111.835938  1111.804688  0.057292  0.031250
  81  1113.753906  1113.410156  0.076823  0.045573
  56  1190.579427  1190.946615  0.295573  0.322917
  52  1199.317708  1091.778646  0.429688  0.572917
  43  1190.139323  1194.354167  0.001302  0.343750
86  1190.382812  1190.417969  0.007812  0.057292
79  1199.667969  1091.884115  0.196615  0.209635
71  1199.958333  1199.894531  0.028646  1.649740
76  1190.088542  1190.161458  0.276042  0.528646
3  1195.110677  1195.799479  0.110677  0.161458
65  1196.500000  1196.618490  0.247396  0.268229
78  1195.188802  1195.565104  0.315104  0.813802
58  1193.592448  1193.630208  0.186198  0.104167
  71  1191.796875  1191.821615  0.070312  0.031250
  76  1190.734375  1190.770833  0.076823  0.031250
  61  1190.048177  1190.373698  0.382812  0.606771
  74  1190.559896  1190.747396  0.151042  0.268229
  94  1119.906250  1129.864583  0.010417  0.032552
  75  1119.975260  1119.924479  0.131510  0.059896
  75  1119.774740  1119.475260  0.135417  0.048177
  53  1119.820312  1119.983073  0.011719  0.033854
  92  1111.829427  1111.794271  0.001302  0.070312
  61  1111.440104  1111.579427  0.005208  1.102865
  54  1111.173177  1112.317708  0.005208  1.191406
  67  1192.139323  1129.459635  0.074219  0.109375
89  1132.028646  1132.063802  0.003906  0.053385
  60  1140.959635  1114.138021  0.002604  0.053385
  65  1114.916667  1114.118490  0.016927  0.045573
  52  1114.721354  1114.981771  0.044271  0.071615
  51  1191.634115  1191.813802  0.003906  0.190104
  80  1119.305990  1119.519531  0.007812  0.042969
  91  1119.566406  1119.983073  0.105469  0.024740
  62  1119.842448  1119.925781  0.001302  0.033854
  90  1111.700521  1111.660156  0.097656  0.135417
  82  1113.825521  1113.960938  0.074219  0.045573
  63  1111.707031  1111.686198  0.005208  0.041667
  44  1111.944010  1112.059896  0.110677  0.044271
  59  1110.679688  1110.833333  0.065104  0.042969
  54  1111.850260  1111.967448  0.007812  0.317708
  42  1111.072917  1111.261719  0.000000  0.075521
  61  1111.097656  1112.132812  0.014323  0.042969
  63  1112.483073  1112.473958  0.104167  0.022135
  76  1111.779948  1111.838542  0.053385  0.065104
  83  1112.457031  1112.446615  0.055990  0.118490
  45  1111.755208  1112.009115  0.244792  0.662760
  65  1114.815104  1114.993490  0.001302  1.960938
68  1117.127604  1117.925781  0.000000  1.778646
8  116.872396  116.858073  0.019531  0.089844
57  116.902344  112.152344  0.022135  0.442708
71  111.703125  112.270833  0.415365  0.424479
71  116.773438  117.091146  0.027344  0.548177
54  114.618490  115.167573  0.259115  2.614583
67  114.437500  115.135417  0.130208  0.563802
0  112.460938  113.580729  0.002604  0.246094
73  112.332031  112.278646  0.359375  0.726562
78  112.667188  112.841146  0.113281  0.223958
58  112.536458  112.691406  0.009115  0.048177
88  112.606771  112.382812  0.002604  0.031250
48  111.825521  111.755208  0.118490  0.055990
49  111.910156  112.153646  0.002604  0.042969
58  112.278646  112.395833  0.174479  0.059896
69  111.774740  111.817708  0.118490  0.119792
51  111.246094  111.464844  0.003906  0.125000
39  111.958333  112.169271  0.093750  0.052083
61  111.569010  111.881510  0.234375  0.248698
73  111.167969  112.281250  0.160156  0.554688
60  111.438802  111.863281  0.015625  1.001302
65  111.533854  111.682292  0.135417  0.194010
53  111.455729  112.575521  0.475260  0.440104
2  111.423177  111.694010  0.035156  0.772135
83  112.046876  112.283854  0.229167  0.428385
80  111.897135  112.305990  0.244792  0.723958
3  112.473958  112.684896  0.223958  0.230469
63  111.766927  111.848958  0.015625  0.110677
58  111.907552  111.936198  0.042969  0.055990
81  111.010417  111.105469  0.005208  0.111979
75  111.945312  111.959635  0.007812   0.076823
76  111.738281  111.592448   0.117188  0.029948
49  111.118488  111.161458   1.196615  0.178385
50  111.173177  112.128906   0.173177  0.151042
69  111.738281  112.503906  0.119792   2.421875
58  112.243490  112.398438  0.102865  0.221354
35  111.937500  112.266927  0.113281  0.035156
69  111.200521  111.117188  0.006510  0.049479
43  111.024740  111.053385  0.080729  0.087240
50  111.438802  111.757812  0.347656  1.648438
66  111.930990  112.287760  0.207031  0.372396
75  111.123698  111.569010  0.288281   0.532552
67  111.970052  112.130208  0.026042   1.567708
59  112.483073  112.733073  0.212240   0.260417
57  112.110677  112.496094  0.186198   0.260417
52  112.239583  113.369792  0.013021  1.286458
54  113.773438  113.871094  0.210938  0.204427
66  113.773438  113.632812  0.110677  0.178385
42  191.632812  191.740885  0.010417   0.352865
65  192.277344  192.605469   0.236979  0.147135
86  191.445312  191.619792   0.006510  0.036458
66  199.588542  199.697917  0.167969   0.247396
57  194.441406  194.846354  0.319010   0.442708
56  194.363281  195.248698  0.013021   1.088542
51  194.955729  196.115885   0.177083  0.269531
72  196.200521  196.460938   0.011719  0.227865
60  196.490885  196.476562  0.000000   0.246044
78  196.622396  196.653646  0.196615  0.229167
42  196.375000  196.363281  0.204427  0.110698
68  619.578125  619.768229   0.003906  0.164062
80  196.937500  197.445312  0.391927   1.050781
71  192.591146  192.777344  0.019531   0.429688
57  192.574219  192.453125  0.140625  0.039062
41  192.942708  193.145833  0.105469  0.117188
86  193.635417  193.708333  0.000000  0.041667
55  199.384115  199.395833  0.178073  0.041667
79  199.720052  199.755208  0.190104  0.248698
84  199.430990  199.553385  0.083333  0.065104
48  199.093750  199.432292  0.005208  0.601171
30  191.954427  192.019531  0.291667  0.220052
71  194.302083  195.320312  0.194010  0.345052
40  194.050781  194.199219  0.006510  0.166667
72  199.143229  199.430990  0.360677  0.221354
69  194.812500  195.282552  0.059896  0.295573
50  194.848958  195.382812  0.347656  0.493490
83  199.587240  199.852865  0.128906  0.148438
83  199.500000  199.589844  0.106771  0.082031
50  199.273438  199.464844  0.018229  0.188802
40  191.860677  191.911458  0.342448   0.195312
60  191.122396  191.391927  0.070312   0.171875
67  192.723958  192.871094   0.259115  0.441406
54  199.231771  199.236979   0.966146  0.425781
40  190.205729  190.445312   0.128906  0.035156
33  198.621094  198.813802   0.251302  0.049479
59  191.157552  192.365885   0.019531  0.217448
50  191.947917  192.187500   0.001302  0.459635
53  191.415365  619.516927   0.134115  0.134115
75  196.453125  196.561198   0.022135  0.170573
73  196.854167  196.876094   0.115885  0.290365
60  196.153646  196.264323   0.236979  0.165365
50  169.450521  169.572917   0.002604
75   103.884115   104.029948   0.187500   0.101562
32   104.875000   105.781250   1.186198   0.266927
65   101.878906   102.377604   0.272135   0.312500
81   102.529948   103.688802   0.416667   0.322917
2    11.684896   113.173177   0.079427   0.631510
44   113.035156   113.643229   0.007812   0.341146
48   131.688802   131.657552   0.287760   0.084635
71   101.216146   101.464844   0.123698   0.082031
74   101.640625   101.661458   0.005208   0.085938
39   101.738281   101.934896   0.220052   0.322917
73   101.165365   101.561198   10.339844   1.204427  0.238281
64  112.731771  112.895833  0.041667  0.201823
57  110.605469  111.005208  0.246094  0.278646
47  111.065104  111.259115  0.055990  0.175781
75  111.554688  111.764323  0.158854  0.229167
73  111.410156  111.476562  0.098958  0.069010
74  111.930990  111.175781  0.184896  0.117188
57  111.464844  111.778646  0.011719  0.218750
63  111.976562  112.173177  0.174479  0.024740
51  111.968750  112.046875  0.097656  0.050781
62  111.824219  111.660156  0.078125  0.117188
83  111.722656  111.748698  0.088542  0.065104
76  111.963542  112.872396  0.011719  0.183594
45  119.907552  112.011719  0.010417  0.220052
45  111.778646  112.537760  0.011719   0.894531
66  112.460938  112.748698  0.001302   0.595052
65  112.712240  112.768229  0.006510   0.363281
70  111.333333  112.552083  0.006510   1.862500
53  111.882812  112.196615  0.160156   0.355469
44  111.739583  111.696615    1.083333  0.006510  0.058594
68  111.080729  111.295573  0.001302  0.119792
62  119.766927  119.871094  0.010417  0.106771
50  119.661458  119.701823  0.066406  0.044271
60  191.407552  191.415365  2.618490  0.953125
83  1193.140625  1193.535156  0.187500  0.472656
77  1193.368490  1193.345052  0.384115  0.248698
68  1199.748698  1199.480469  0.161458  0.121094
53  1193.377604  1193.007812  0.126302  0.533854
71  1193.680990  1193.812500  0.157552  0.135417
68  1193.518729  1193.588542  0.003906  0.217448
64  1190.832031  1190.976562  0.076823  0.069010
81  119.817708  119.250000  0.062500  0.028646
85  119.082031  191.384115  0.087240  0.050781
70  119.971354  119.985677  0.029948  0.055990
71  111.165365  111.236979  0.007812  0.075521
54  111.111979  111.134115  0.054688  0.037760
52  111.371094  111.519531  0.153646  0.062500
49  111.417969  111.424479  0.089844  0.097656
71  111.574219  111.576823  0.011719  0.049479
75  111.970052  111.951823  0.005208  0.101562
46  111.950521  112.184896  0.239583