74    1.023438    1.085938  0.000000  0.062500
50  403.500000  406.828125   0.186198  0.067708
3  429.555990  291.901250  0.007812  0.114583
71   71.294271   26.331510  0.001302  0.014323
68  278.936719  248.438092   0.152844   0.184896
53   140.269421   106.063802  0.078125  0.122656
  83   569.391436   754.102394  0.160967  0.087292
  56  1039.203938  1003.057292  0.052685  0.307292
  36    90.029477    90.076021  0.106771  0.225651
  64  1238.188092   569.753125  0.076323  0.115365
  78  1153.846354  1230.623906  0.082031  0.207031
  82   988.812500   890.420052  0.176875  0.285156
44   807.424479   500.330729  0.348438  0.067208
67  388.919583  330.118490  0.492760   0.475260
59   385.736979   328.868490   0.217248   0.173698
72   522.533854   781.532552   0.242346   0.130208
54   425.225260   373.252604   0.005208   0.791325
  45   477.887219   482.118289  0.007812  0.079427
  47   477.236979   246.182700  0.019531  0.311198
  31   498.291146   441.395833  0.078125  0.111979
57  250.134896  202.429167  0.463250  0.119771
86  1071.242188  1005.789844  0.486979  0.128698
  66  1277.059896  1327.230469  0.175781  0.026042
  59  1303.010417  1300.302083  0.019531  0.005208
  72  1337.602865  1326.365885   0.002604   0.130208
64   386.843250   388.958333   0.198490   0.272146
60   428.506510   266.317708   0.247396  0.061198
64  317.554688  157.791146   0.404167  0.220833
71   26.311790   267.330229  0.010417  0.246094
  75    87.011146    80.149219  0.000000  0.119792
  35  1130.285156  1310.900521  0.095365  0.052083
  86  1129.346044  1158.505208  0.088542  0.083333
  86  1407.463250  1282.815365   0.127906   0.395000
72  391.380238  291.111198  0.042969  0.445804
  78   627.958333   627.526042  0.029948  0.395833
64   600.196302    88.528646    90.971354  0.000000  0.339012
  62   882.575521   715.895844  0.136719  0.246094
76   35.144531    78.093156  0.087240  0.177083
61  150.001302  102.327315  0.218750  0.096844
46   236.304688   282.564344  0.087521  0.032542
59  199.285156  216.498998  0.341146  0.074219
49  369.867969  471.196615  0.100781  0.084635
64  316.429167  117.023458  0.058594  0.197135
43  370.180990  366.327656  0.110625  0.117969
55  346.113281  357.955729   0.110677  0.045362
64  420.541667  264.909646   0.219742  0.164844
52  175.076302  177.290854  0.097656  0.119292
55  402.024948   5.006510  0.430990
76  136.630208  167.127604  0.076823  0.040677
71  124.011719  129.325521  0.010417  0.119792
61  308.092448  300.924979   0.354167  0.029146
43   32.548677   42.513521  0.001302  0.192708
71  430.125708  408.002604   0.082031  0.305729
48  348.119792  345.160677  0.191927  0.247396
64  234.537760  424.431510  0.016927  0.192731
59  395.700802  286.713542  0.000000  0.166667
57  286.100260  289.191406  0.427865  0.317104
63  395.402344  359.820312   0.438092  0.066146  0.111458
48  262.340625  226.802654  0.048177  0.178385
70  115.169792  115.129604  0.151562  0.054688
54  175.094573  166.471302  0.100260  0.422083
52  554.682292  337.255208   0.263542  0.072427
36    9.461458    9.839635  0.178073  0.282552
42  322.589948  257.151042  0.009115  0.024740
84  461.940104  446.630990  0.106771  0.029948
52  442.166196  246.194010   0.003906  0.613792
47   21.545573   214.738573  0.130208  0.225260
  70   163.981250   167.024740  0.080729  0.183594
  71   150.856771   105.276042  0.009115  0.102052
  76   414.803385   434.513021  0.011719  0.309396
68   829.680990   852.429167   430.146615   0.010417   0.057292
52   378.182292   338.164583   0.001302   0.209635
64   52.562500   452.373802  0.113281  0.130208
  88   558.159344   485.399740  0.302083  0.531250
  66   354.309896   487.000000  0.028938  0.424479
  57   429.500000   344.265625  0.003906  0.109375
  64  1110.105469  1166.462240  0.039062  0.158854
56  1001.398438  1037.299794  0.010417  0.631510
  73  1092.817188  1039.429688  0.001302  0.095052
  87  1041.576823  1091.340365  0.011927  0.080729
  62   143.085938   194.927604  0.001302  0.262240
52   836.518229  1320.399240  1021.544271  0.001302  0.148438
  65  1061.988281  1012.811927  0.082031  0.088542
  61  1061.082031  1090.166667  0.041167  0.033073
  71  1314.475260  1274.932292  0.014323  0.121894
  64  1336.351562  1123.150521  0.009115  0.295573
  74  1282.044271   855.178385  0.024740  0.069010
  65   135.237260   145.498177  0.145000  0.309896
  73  1110.270362  1113.246094  0.083333  0.148438
45  1730.980969  1208.783073  0.084635  0.055990
52  218.029638  319.914271  0.113281  0.083333
61   36.669271   274.161458   0.002604  0.119792
51  447.225260  449.365885  0.098958  0.098958
50  194.138312  118.829688  0.001302  0.361198
38  416.866675  671.741615   0.005208  0.059896
38  484.125594  483.239583  0.011719  0.044292
50   38.090656   81.690625  0.066198  0.104167
72  483.440104  518.059896   0.005208  0.048177
73  172.628906  137.342248  0.041467  0.141438
71  397.644531  370.586927  0.088542  0.032052
66  162.195833  112.115885  0.526042   0.241615
50  300.222083  302.213221  0.072917  0.071615
33  100.587240  100.484167  0.066927  0.117998
41   43.080729   43.320312   0.001302  0.119792
73  109.244292  109.174479  0.119271  0.078125
41  476.175781  424.147917   0.089031   0.035156
43   578.818229   453.796354   0.006510  0.036458
76  470.411979  445.952344  0.005208  0.117188
73  394.772135  358.191406  0.125000  0.046354
58   461.744271   374.138302  0.000000  0.031771
  85  1082.325221  1085.213542  0.082031  0.037760
52   984.195833  378.859698  0.014323  0.101562
  76  1152.246323  1411.752083  0.082312  0.119271
 14   161.024740   18.015625  0.002604  0.042969
72  295.378302  281.028646  0.136198  0.036458
67  160.301562  133.952344  0.001302  0.079427
70  464.127083  432.839844   0.115073  0.075521
50  285.269531  257.423156  0.052083  0.212542
  59   486.004115   346.020833   0.101562   0.132212
55   629.097448   148.347396   0.011719   0.215938
75   807.242998   680.992708    88.604765  0.003906  0.022135  0.121094
56  249.221354  297.244271  0.108854   0.302294
47    84.756510    81.427083  0.164062  0.379031
  58  1282.360625   678.543289   0.005208   0.065104
55  1149.725260  1692.669271  0.119271  0.372917
64   824.292448   488.852865   0.000000   0.075521
50  394.036458  491.901042  0.033854
  94  1038.453646  1020.179688  0.119792  0.044271
  55  1103.557292  1011.834635  0.18690   0.163281
  61  1122.510417  1132.856562  0.013021  0.010417
  71   186.889844   188.250000  0.002604  0.033854
  80   875.4148448  338.600260  0.083333  0.044271
53  156.867448  368.790854  0.000000  0.209135
48  287.059896  288.089344  0.006510  0.071615
51  411.196302  129.225260   0.145833  0.113281
69   43.736198   29.947135   0.180990  0.351594
49  352.105990  322.247396  0.166177   0.317188
58   667.087552   161.365677   0.108073  0.048177
45  305.778125  505.191146   0.014010  0.492188
75   71.229167   87.221844   0.106771  0.164062
63   77.639323   27.261719  0.109948  0.117188
44  197.732292  195.884115  0.198927  0.180208
52  200.527135  230.674479  0.011719  0.121044
62  452.942396  405.085625   0.117188  0.106771
83  163.108073  162.566406  0.079427   0.203125
4   36.944219   69.600260  0.010417  0.111479
52  407.314500  429.416146  0.219583  0.283073
80  394.036458  486.632812  0.010417  0.780469
40  338.358073  382.153646  0.183302   0.029427
67    65.162760    26.178385  0.019531  0.069010
  46  1320.049479  1290.225260  0.227344  0.414271
  54  1019.209427  1032.712500  0.003906  0.042969
71   381.425573   332.175781   0.002604   0.108073
69  380.818229  302.632812  0.080729  0.103385
50   97.039552    4.209948   0.009115  0.052083
79   40.529448   94.101562  0.080729  0.101562
82  139.470552  1423.939531  0.002604  0.098177
35   52.349240   75.731771  0.005208  0.108073
45   42.485177   27.261719  0.242917  0.323596
36  478.051823  467.455288  0.208333  0.119792
63   76.233542   77.641406  0.148229  0.249479
51  294.117188  270.828906   0.011719   1.236979
76   806.849740   807.895833   0.386719   0.069010
54    85.648938    98.386719  0.129719  0.229167
  64  1250.496094   873.026042   0.078125   0.126302
50   537.328125   886.872917   0.009115   0.298958
8   491.356771   498.948198  0.010417  0.222167
  59   377.589844   482.433094  0.172156  0.046875
76   419.785677   349.919489   0.016927   0.031771
69   479.005208   345.066198  0.024240  0.079427  0.199010
36  418.78385   435.581240  0.193229  0.286458
71  1042.268729   00.141927  0.046875
49   43.744271   92.010417   0.010417  0.199219
45  105.820312  106.057292  0.002604  0.141927
81  363.026042  263.339844  0.001302  0.191406
54   65.203125   236.134115  0.182292  0.070312
  77  1363.687500  1375.212240  0.240885  0.063802
  67   699.000000   699.427865  0.084636  0.166667
  82  1306.079631  1300.119792  0.006510  0.036458
  59  1333.621302  1276.179583  0.001302  0.130590
  58   754.513823   756.434510  0.216146  0.041375
  55  1290.298177  1292.830729  0.006510  0.098958
  53   188.510417   117.638802   0.186198
  73  1295.001312  389.098958  0.231552  0.484375
59  132.954427  115.854167   0.101562
57   717.780469   773.361458  0.579927  0.220052
  98   550.197417   577.303385  0.190312  0.083333
  59   882.529448   638.466146  0.006510  0.262500
  66   947.667469   417.113281  0.001615  0.125000
  94  1483.024740  1829.328125  0.001302  0.398438
  81   414.019531   414.161094  0.006510  0.072917
  85  1205.851583  1301.902344  0.018229  0.209948
  80   448.013823   430.002604  0.109375  0.148438
57  1274.309896  1223.246094  0.003906  0.189894
  45  1098.869240  1144.001302  0.183802  0.123177
  61   468.410156   483.156771  0.001302  1.690104
  70  1358.617998  1288.119792   0.561198   0.096354
31   823.085938   371.138521    90.877604   0.101562   0.180990
57  130.509115  110.239156  0.010625  0.066406
79  366.927083  317.205758  0.095052  0.102865
51  424.296875  442.515156  0.134927  0.115885
65   494.638229   429.990185  0.115675  0.151042
77  417.819219  415.423177  0.110677  0.037760
86  257.255677  275.166167  0.104167  0.044271
80  120.006510  126.384115  0.015523  0.104167
41  1020.744292  0.115885  0.129115
  83   781.087240   688.880208  0.010417  0.079219
  51  1041.362500  1017.507812  0.001302  0.132292
  34   469.462231   444.826042  0.083333  0.550781
  58   494.389375   424.275729  0.299458  0.725260
  53   992.398938   497.375883   0.117969   0.682292
42  131.035156  126.098156  0.009115  0.117177
67  379.420885  410.117188  0.000000  0.429479
49  322.552604  242.253906  0.174479  0.188094
52   20.149721    8.078625  0.097448  0.119792
958  520.858854  380.232583   1.010417  0.048177
54  242.726854  296.528644  0.006510  0.031250
48   41.567398   47.231771  0.001302  0.160156
31   17.131302   61.772344   0.000000   0.905440
64   283.348438    22.861979   0.003906  0.059896
47  292.359894  299.593750   0.106771  0.116677
71  223.173698  227.216927  0.281250  0.267708
74    6.260938    72.824219   0.005208   0.052083
  88   402.199792   280.125000  0.001302  0.036458
  87  1082.264531  1050.088542  0.000000  1.794271
  61   739.698990   575.398438  0.001302  0.046354
57  1081.454427  1003.318490  0.086656  0.121094
  62  1075.059896  1097.747396  0.006510  0.048698
  69  1322.632812  1322.443229  0.006510  0.040365
  64   714.410156   779.132812  0.005208  0.636219
  87  1300.729667  1305.992188  0.845365  0.447346
63  1860.212240  1309.933594  0.037760  0.632812
  69  1031.695815  1017.807500  0.002604  0.027865
  82   189.544291   195.916167   0.444010   0.082240
55   365.214344   363.446302   0.001302  0.061198
58  138.121094  102.041667  0.023958  0.104167
57  130.524219  113.102865  0.140625   0.596875
51  1021.143229  0.005208  0.104979
  70  1208.221875   882.404458   203.904427   0.003906  0.071615
86  417.351750  345.334115  0.096354  0.311198
71  356.576533  354.079427  0.173698   0.299458
81    79.9231771   96.164062  0.308594  0.401250
53  223.003906  237.358562   0.001302   0.273938
69   201.285156   290.752604  0.213021  0.130208
  66  1119.173698  1112.819010   0.013021   0.061198
73   389.138802   385.499219   0.007812   0.132812
48    48.289583    69.692708   0.109375   0.307292
68   454.822135   548.764323  0.002604  0.028646
  78  1100.161458  1010.690625  0.172998  0.177083
  61  1299.036458  1240.090365  0.273438  0.034844
  51   408.148438   807.316198  0.001302  0.033854
  56    98.869792    40.210938   0.301562    0.229167
49  376.662769  647.079531  0.015625  0.000000
61  208.130208   50.070312   0.011719  0.049479
51  386.424479  336.761719   0.063802  0.167969
97  144.162552  164.213221  0.001302  0.040365
61  324.558073  428.685998  0.106279  0.059896
55  239.717740  234.280281  0.078125  0.720052
83  227.256510   75.271146   0.610677  0.268229
70  387.773458  358.123302   0.049479  0.032552
55  463.825721  439.883023   0.902865  0.022448
62   10.289062   10.052083  0.001302  0.065104
47   423.053594   376.660677   0.268229   0.226042
61    7.186979    6.055940  0.005208  0.066198
48    1.084635    3.811927   1.730938  0.132812
65   93.582031   48.219531   0.002604  0.078125
46  400.067708  520.468750  0.105469  0.031250
68  366.135938  366.497396  0.011619  0.125208
88  302.765625  300.625000  0.121615  0.263229
64  103.916667  102.661979  0.114583  0.074740
51  184.216146  148.127906   0.002002  0.118990
44  1050.950521  1303.479979   0.011719   1.453125
83  1111.269531  1115.427865  0.145052  0.408333
  55  1021.644531  0.011719  0.059896
  58   496.796875   479.569010  0.108073  0.290052
  69  1307.933594  1043.110677  0.005208  0.058594
  85  1225.813021  1257.240885  0.009115  0.089844
  40  1208.311198   884.199219  0.091146  0.130208
  37  1324.936815  1327.940104  0.006510  0.101562
  69  1131.667969  1125.462760  1.182292  0.048156
85    92.492188    44.619792   0.010625   0.055594
75   85.939894   50.154365   0.002604  0.139896
53  382.822917  385.401873  0.039062  0.044271
56  384.319921  373.952135  0.083333  0.472346
48  322.032865  224.852865  0.001302  0.042167
74  169.078125  166.093750  0.115365  0.328125
65  135.406250  1123.104167  0.134115  0.088542
40   11.458344   11.839844  0.001302  0.119792
53   742.190312   732.471562  0.001302  0.145833
  67  1289.034167   589.973177
  82   329.089844   486.046354  0.000000  0.087240
  74  1301.583333  1304.037760  0.136719  0.049479
  66   136.399242   137.057292  0.200521  0.153646
  61    26.220052    37.263333  0.013221  0.041375
71   290.770833   226.713852   401.800781  0.001302  0.044271
54  128.194031  122.832212  0.013021  0.356573
79  140.792958  182.001302  0.155854  0.223958
71  228.283073  222.661458   0.180990  0.111458
57  217.655469  267.297656  0.070312   0.053385
55   389.312500   852.154948  0.122135  0.032552
  38   989.355969   481.609167  0.119760  0.108854
  86  1930.003906  1088.149740  0.002604  0.286458
  37  1280.829427  1252.005208  0.059896  0.025521
  30   823.864583   891.260418  0.396302  0.196615
36    75.072917   262.699719  0.270312  0.169271
36  415.992104  414.151042  0.268229  0.098958
34   55.315104   452.423198  0.005208  0.177396
43   511.092948   884.828906   303.976354   0.153646  0.059385
49  268.216458  327.110677  0.015625  0.036042
59  342.390104  392.101562  0.199740   0.667969
55   28.101562   42.867448  0.011719  0.045573
43  146.406771  114.645312  0.120312  0.133302
65    3.959135   21.036979   0.166458  0.134323
55  248.822135  302.541196  0.002604  0.101354
65  301.864583  0.015625   0.412469
35   506.855958   505.865365   0.018729   2.773438
48  150.960833  189.831710   0.503906   0.175781
75   806.349740  1300.248698  0.007812  0.170573
31  302.786458  306.227865  0.010417   0.226042
64   78.646615   66.345523  0.009115  0.130208
36   72.289062   45.028646  0.010417  0.524742
73  414.983073  419.839846  0.019221  0.309896
62  273.588542  296.368289  0.122396  0.123304
54  157.971354  124.233177  0.165469   0.130208
63   417.729167   496.161198  0.192708  0.513021
  61   776.127002  1277.276542  0.000000  0.1653656  0.195882
86  1099.246302  1004.266146  0.018229  0.036458
67   430.632210   409.523438  0.006510  0.414062
80  103.618490  106.001802  0.069010  0.328125
52   89.631510   80.169271  0.164583  0.024740
66  370.825002  350.157052  0.278646  0.042969
55  289.125000   80.067708  0.000000  0.378106
83  203.332344  200.695812  0.221062   0.474271
54   37.997135   43.195000  0.063802  0.071615
33  150.521354  115.886719  0.179688  0.518438
56  333.119792  1552.242188   0.209427   0.234375
32  1043.701323  1084.680990  0.032052  0.074219
  59  1330.459344  1302.300781  0.000000  0.266117
  74   979.993750   495.100260  0.006510  0.063021
  82    70.835104    0.823438  0.046875
  66   435.554688   445.163281  0.006510  0.154167
  77  1207.691927   868.513021  0.003906  0.047656
  54   147.345833   142.140625  0.119792  0.077615
  73  1285.302865  1307.755208  0.014323  0.106250
 167  1302.244479  1287.170573  0.009115  0.036458
  83   436.104667   444.626302  0.217448  0.385417
82   368.136510   382.385938   0.084635   0.22315

50  188.354271  188.220365  0.173177   0.630208
50   158.990104   187.149218   0.002604   0.100781
48   386.479167   857.296094  0.010417  0.186198
  86  1245.287242  1232.309896  0.002604  0.171354
  68  1281.752604   852.174479  0.026042  0.055789
52   211.513021   26.618490  0.054688  0.169271
59   14.875208   312.219531   0.011719   0.055990
65  204.752604  0.002604  0.111979
59  284.608854  428.078125  0.053594  0.105781
55  150.964323  135.108854  0.100260  0.188802
67  380.119792  304.178385  0.001802  0.066927
82  146.028646  128.675781  0.009115  0.117688
64  285.371302  288.753906  0.003906  1.039062
  90  1430.466146  1302.513021  0.312708  0.053385
86    50.197917    90.390104  0.196615  0.099479
74    14.197917    1.351352  0.028646   0.695312
75  1038.787760  1084.757081  0.003906  0.046665
  39  1982.283854  3090.480469  0.169271  0.062500
  70  1311.003906  1117.948698  0.028125  0.032552
  74   170.132812   169.653646  0.003906  0.088542
  60   786.603656   677.117188   0.006510   0.161979
35  350.684927  540.268229   0.001302    0.304688
52  1022.126802  1020.308594  0.805789  0.087740  0.119792
67  574.191927  356.052083  0.165365  0.150260
41  408.789062  009.447604  0.112760  2.388021
73  376.791192  378.175781  0.144010  0.113281
57  287.622396  330.433677  0.197917  0.500000
51  143.100260  142.309896  0.145333  0.088229
84  396.569010  349.095573  0.162269  0.050781
45  320.767635  280.158854  0.080940  0.083333
70   41.940917   96.354948   0.200521   0.427343
62   56.141406   41.151062  0.009315  0.122396
53  142.622604  144.888500  0.171875  0.151562
53  397.410156  385.677083   0.003906   0.433594
72   108.450260   108.912240  0.106771  0.220362
  70  1113.158073  1342.463150  0.100260  0.101562
  83  1294.977865  1349.940312  0.266146  0.269531
  63  1026.713854  1300.103677  0.066406  0.197917
  87  1321.124792  1374.904667  0.033854  0.084635
  62  1098.967448  1075.393852  0.002604  0.041667
  55  1286.869792  1218.084346  0.002604  0.071615
  61  1091.272135  1094.604373  0.145833  0.346354
  68  1301.684396  1250.013021  0.073438  0.072917
  83  1410.085938  134.442917  0.141438   0.270312
58  228.352083  229.239583  0.001302  0.055990
46  351.843750  330.939896  0.005208  0.011719
48   93.621698   48.611198  0.026354  0.127604
  85  1307.625000  1029.920573  0.001302  0.053385
  82  1411.679375  1243.391927  0.058594  0.048677
41   103.640625   102.940104  0.086927  0.054688
  86  1102.640625  1208.001302  0.005208  0.078125
56   82.927083   91.371615  0.121815  0.076823
80  284.339031  320.001302  0.201822  0.109375
83  402.070135  200.901042  0.019531  0.121196
53  433.529477  724.868490  0.195312  0.261740
59  335.509115  348.759635  0.138021  0.212500
66  256.269221  228.212240  0.015625  0.261719
59  142.628594  146.165265  0.113281  0.024740
56  188.271646  110.091146  0.005208  0.118958
48  413.283854  441.273438  0.016719   0.236979
71   78.536458   77.329427  0.002604  0.122396
69  347.285677  342.052083  0.007