74    1.023438    1.085938  0.000000  0.062500
77    1.059896    1.220052  0.013021  0.114583
75    13.279948    13.444010  0.006510  0.071615
69    13.033854    13.102865  0.406250  0.087240
77    13.385417    13.501302  0.157552  0.072917
62     1.463542     1.575521  0.205729  0.072917
53     1.524740     1.591146  0.130208  0.076823
56     1.558594     1.647135  0.136719  0.072917
67     1.511719     1.505208  0.003906  0.040365
53     1.592448     1.596354  0.001302  0.035156
70     1.595052     1.710938  0.165365  0.050781
70     1.531250     1.621094  0.007812  0.092448
43     1.901042     2.320312  0.005208  0.317708
77     1.562500     1.796875  0.002604  0.171875
70    12.739583    12.835938  0.113281  0.114583
69    12.859375    12.895833  0.001302  0.053385
72    12.890625    12.932292  0.023438  0.042969
46    12.998698    12.981771  0.000000  0.050781
67     1.757812     1.687500  0.007812  0.042969
84    12.888021    12.958333  0.001302  0.083333
72    12.798177    12.832031  0.167969  0.050781
57     1.772135     1.869792  0.001302  0.111979
53     1.752604     1.815104  0.080729  0.111979
77     1.614583     1.756510  0.138021  0.050781
56     1.531250     1.696615  0.022135  0.145833
52    13.082031    13.411458  0.010417  0.274740
57    13.022135    13.204427  0.013021  0.255208
67    13.070312    13.322917  0.139323  0.251302
63    13.104167    13.160156  0.003906  0.126302
82    13.325521    13.322917  0.000000  0.049479
32    13.454427    13.480469  0.143229  0.045573
71    13.471354    13.420573  0.105469  0.066406
75    13.33463     1.478646  0.147135  0.174479
77     1.332031     1.505208  0.001302  0.231771  0.179688
67  124.247396  124.298177  0.131510  0.114583
47  124.329427  124.339844  0.078125  0.071615
76  124.391927  124.467448  0.006510  0.037760
53  124.486979  124.570312  0.019531  0.105469
83  124.377604  124.529948  0.076823  0.125000
84  142.315104  142.430990  0.010417  0.130208
77  142.319010  142.494792  0.018229  0.151042
72  411.520833  411.618490  0.074219  0.111979
50  142.554688  142.623698  0.148438  0.066406
66  142.606771  142.600260  0.071615  0.069010
41  142.638021  142.656250  0.182292  0.052083
55  142.799479  143.359375  0.480469  0.377604
64  142.989583  143.213542  0.266927  0.289062
60  143.351562  143.947917  0.264323  0.561198
83  143.519531  143.785156  0.212240  0.220052
62  143.503906  143.730469  0.009115  0.200521
73  143.820312  143.861979  0.072917  0.069010
77  143.898438  143.895833  0.079427  0.083333
80  143.855469  143.790365  0.080729  0.044271
76  143.798177  143.839844  0.071615  0.076823
68  143.802083  143.859375  0.007812  0.058594
66  143.993490  143.983073  0.075521  0.071615
72  140.311198  140.308594  0.076823  0.083333
79  140.580729  140.640625  0.002604  0.105469
62  140.527344  140.678385  0.264323  0.083333
69  140.701823  140.750000  0.079427  0.028646
90  140.873698  140.936198  0.079427  0.044271
83  140.954427  141.039062  0.006510  0.054688
48  141.985677  142.065104  0.010417  0.052083
86  142.044271  142.151042  0.194010  0.104167
67  142.033854  142.110677  0.067708  0.127917
63  142.019531  142.151042  0.055990  0.113281
68  142.039062  142.117188  0.035156  0.097656
83  142.011719  142.126302  0.010417  0.110677
29  142.011719  142.138021  0.006510  0.208333
76  124.923177  124.958333  0.069010  0.035156
83  142.975260  143.033854  0.188802  0.039062
79  143.087240  143.145833  0.059896  0.111979
55  142.901042  143.083333  0.292969  0.102865
71  142.949219  143.035156  0.234375  0.083333
59  143.087240  143.095052  0.079427  0.042969
79  143.042969  143.117188  0.128906  0.072917
59  142.996094  143.101562  0.029948  0.162760
52  143.236979  143.410156  0.354167  0.223958
61  143.317708  143.856771  0.032552  0.463542
45  143.552083  143.692708  0.005208  0.128906
63  143.871094  143.946615  0.007812  0.082031
41  143.937500  143.967448  0.066406  0.053385
48  143.944010  144.518229  0.002604  0.994792
78  144.111979  145.095052  0.000000  1.307292
65  416.311198  416.378906  0.066406  0.122396
55  416.292969  416.321615  0.013021  0.054688
67  414.670573  144.805990  0.010417  0.118490
75  144.050781  144.151042  0.097656  0.079427
83  144.272135  144.361979  0.207031  0.102865
59  144.321615  146.359375  0.013021  0.243490
85  144.855469  145.149740  0.220052  0.272135
49  144.675781  145.576823  0.007812  0.420573
70  144.864583  145.407552  0.029948  0.623698
6  144.925781  164.291667  0.101562  0.244792
46  146.832031  146.865885  0.277344  0.024740
71  146.838542  146.878906  0.070312  0.044271
84  147.067708  147.184896  0.002604  0.205729
73  147.022135  147.773438  0.399740  0.460938
50  147.002604  147.110677  0.003906  0.115885
71  147.000000  147.111979  0.187500  0.114583
41  147.102865  147.304688  0.220052  0.281250
68  147.052083  147.132812  0.084635  0.039062
64  147.075521  147.074219  0.087240  0.067708
81  147.005208  147.072917  0.033854  0.135417
89  1246.795573  1246.929688  0.001302  0.131510
77  1247.031250  1247.049479  0.130208  0.054688
70  1247.123698  1247.273438  0.044271  0.078125
59  1247.076823  1247.322917  0.220052  0.201823
80  1247.653646  1247.847656  0.074219  0.216146
89  1247.837240  1247.822917  0.007812  0.053385
82  1247.970052  1274.951823  0.010417  0.032552
60   714.013021   714.105469  0.184896  0.083333
86   174.315104   174.622396  0.720052  0.309896
45   174.626302   174.760417  0.003906  0.117188
71   175.162760   175.851562  0.135417  0.274740
59   157.320312   157.467448  0.242188  0.149740
75   157.454427   157.572917  0.173177  0.083333
70   157.756510   157.829427  0.273438  0.039062
65    67.601562    67.631510  0.001302  0.036458
44    67.565104    67.526042  0.066406  0.032552
48    67.552083    67.739583  0.003906  0.126302
72    67.550781    67.841146  0.212240  0.270833
  45    67.516927    67.583333  0.007812  0.049479
  35    68.455729    68.475260  0.039062  0.042969
  79    66.854167    67.032552  0.105469  0.104167
  42    66.906250    67.028646  0.039062  0.072917
  69    67.000000    67.111979  0.000000  0.127604
  57    67.721354    67.972656  0.007812  0.234375
  67    67.619792    67.794271  0.022135  0.173177
  45    67.657552    67.721354  0.085938  0.072917
  57    67.923177    69.162760  0.046875  0.217448
  45    68.001302    68.156250  0.006510  0.126302
  72    68.031250    68.156250  0.049479  0.069010
  77    68.218750    68.292969  0.052083  0.071615
  75    76.644531    76.761719  0.007812  0.027344
  45    76.411458    76.722656  0.003906  0.253906
  57    76.503906    76.811198  0.007812  0.285156
  35    76.045573    76.153646  0.071615  0.095052
  88    76.143229    76.250000  0.007812  0.169271  0.182292
54  127.958333  128.098958  0.134115  0.127604
74  127.907552  128.475260  0.341146  0.752604
64  127.983073  128.225260  0.192708  0.266927
76  127.986979  128.399740  0.274740  1.233073
56  122.881510  123.355469  0.257812  0.574219
70  123.835938  124.769531  0.823438  0.425781
77  124.865885  125.534164  0.505208  2.329427
59   171.485677   172.520833  0.022135  3.589844
57   161.615885   162.483073  0.010417  0.717448
85   161.714844   162.162760  0.002604  2.040365
  79   162.057292   162.869792  0.248698  1.286458
  64   162.470052   162.625000  0.005208  0.110677
  52   162.598958   162.623698  0.000000  0.074219
  66   162.621094   163.322917  0.000000  0.475281
  67   162.690104   163.255208  0.005208  0.502604
  97   162.779948   163.796875  0.024740  1.013021
  55   163.276042   163.976562  0.292969  0.484375
  57   163.367188   163.394531  0.011719  0.096354
  34   163.576823   163.519531  0.118490  0.023438
  55   151.528646   151.665365  0.109375  0.072917
  45   151.609375   151.604167  0.080729  0.065104
  55   156.136198   156.303385  0.001302  0.184896
  55   156.119792   156.274740  0.002604  0.177083
  71   165.475260   165.600260  0.108073  0.156250
  35   165.401042   165.481771  0.002604  0.096354
  57   165.480469   165.589844  0.005208  0.121094
  40  1065.002604  1065.070312  0.057292  0.093750
  70  1051.813802  1051.938802  0.071615  0.105469
  58  1051.841146  1015.975260  0.092448  0.100260
  62  1062.019531  1062.058594  0.007812  0.075521
  49   165.507812   165.526042  0.111979  0.039062
  77   165.610677   165.626302  0.013021  0.029948
  59   166.447917   166.483073  0.002604  0.075521
  62   166.554688   166.725260  0.001302  0.136719
  63   166.701823   166.828125  0.07942  0.113281
67  1151..75781  1151.255208  0.059896  0.230750
52  1151.904948  1152.148438  0.149740  0.223958
87  1125.576823  1125.582031  0.131510  0.059896
66  1125.997396  1126.020833  0.183594  0.092448
72  1126.506510  1126.670573  0.132812  0.125000
65  1126.734375  1126.861979  0.151042  0.128906
60  1126.597656  1126.770833  0.087240  0.108073
70  1126.738281  1126.819010  0.005208  0.130208
69  1126.755208  1127.561198  0.176875  0.601562
48  1126.721354  1127.261719  0.001302  0.319010
71  1126.850260  1128.140625  0.231771  3.313802
65  1171.139323  1171.381510  0.001302  0.313802
67  1126.825521  1127.934896  0.110677  0.220052
  81  1126.850260  1126.950521  0.010417  0.076823
  67  1127.054688  1127.111979  0.084635  0.071615
  72  1127.024740  1127.070312  0.005208  0.045573
  74  1127.130208  1127.307292  0.010417  0.170573
  92  1122.713542  1122.846354  0.162760  0.179688
  97  1217.072917  1217.113281  0.002604  0.052083
  71  1216.027344  1216.062500  0.011719  0.033854
  67  1216.128906  1216.143229  0.055990  0.055990
  77  1221.511719  1221.572917  0.152344  0.037760
  76  1212.583333  1212.632812  0.013021  0.057292
  50  1212.707031  1212.697917  0.141927  0.055990
  89  1217.104167  1217.131510  0.009115  0.018229
  67  1211.621094  1212.647135  0.000000  0.601562
  35  1217.100260  1217.759115  0.013021  0.832031
  69  1217.417969  1217.601562  0.251302  1.087240
  59  1217.673177  1227.723958  0.214844  0.484375
  61   172.580729   172.851562  0.807292  0.220052
  64   174.007812   175.305990  0.005208  0.393229
  57   174.869792   175.333333  0.003906  1.042969
  76   174.891927   175.277344  0.341146  1.207031
  59   174.904948   174.998698  0.002604  0.100260
  62   174.908854   175.001302  0.001302  0.035156
  69   174.977865   175.076823  0.032552  0.114583
  82   175.023438   175.029948  0.000000  0.055990
  49   175.111979   175.256510  0.001302  0.183594
  79   175.162760   175.312500  0.013021  0.201823
  74   175.209635   175.347656  0.260417  0.132812
  75   175.203125   175.311198  0.005208  0.182292
  65   175.319010   175.397135  0.037760  0.141927
  65   157.257812   157.384115  0.111979  0.110677
  56   157.179688   157.238281  0.045573  0.044271
  49    67.304688    67.339844  0.003906  0.079427
  72    67.580729    67.930990  0.000000  0.279948
  53    68.300781    68.502604  0.006510  0.203125
  37    66.114583    66.259115  0.218750  0.093750
  82    66.208333    66.384115  0.009115  0.078125
  65    66.837240    66.919271  0.002604  0.046875
  56    66.953125    67.143229  0.040365  0.128906
  63    67.765625    69.059896  0.009115  0.322917
  65    67.138021    67.582031  0.014323  1.464844
  35    67.251302    67.510417  0.179688  0.210938
  50    67.510417    67.628906  0.087240  0.111979
  66    66.811198    66.919271  0.010417  0.045573
  65    66.746094    66.890625  0.000000  0.130208
  73    66.911458    67.026042  0.002604  0.084635
  35    67.878906    67.941406  0.055990  0.072917
  97    67.881510    67.981771  0.032552  0.057292
  45    67.891927    67.946615  0.070312  0.091146
  57    67.722656    67.757812  0.123698  0.045573
  70    67.851562    68.153646  0.006510  0.295573
  62    67.838542    67.957031  0.072917  0.078125
  54    67.832031    67.833333  0.016927  0.037760
  32    67.835938    67.901042  0.080729  0.069010
  57    67.852865    67.839844  0.095052  0.058594
  71    67.980469    68.285156  0.095052  0.239583
  87    67.819010    67.997396  0.002604  0.122396
  66    67.889323    67.934896  0.070312  0.097656
  92    67.782552    67.785156  0.018229  0.037760
  55    67.811198    67.852865  0.035156  0.059896
  55    67.816406    67.794271  0.059896  0.049479
  57    67.739583    67.851562  0.013021  0.074219
  71    67.759115    67.595052  0.015625  0.039062
  45    67.760417    67.839844  0.010417  0.078125
  50    67.713542    67.716146  0.015625  0.042969
  66    67.807292    67.873698  0.011719  0.100260
  39    67.816406    67.894531  0.013021  0.052083
  72    67.912760    68.200521  0.000000  0.235677
  57    67.904948    69.065104  0.016927  0.223958
  64    69.040365    69.947917  0.817708  0.172396
  55    68.000000    68.079427  0.003906  0.062500
  79    68.076823    68.196615  0.007812  0.191406
  50    68.182292    68.713542  0.186198  0.636719
  58    68.210938    68.365885  0.080729  0.170573
  45    68.326823    68.509115  0.003906  0.218750
  85    66.106771    66.395833  0.000000  0.319010
  45    66.605469    66.640625  0.001302  0.039062
  81    66.738281    66.923177  0.167969  0.118490
  51    67.079427    67.316406  0.152344  0.179688
  64    67.580729    67.542969  0.023438  0.035156
  44    67.703125    67.803385  0.002604  0.131510
  53    67.811198    67.854167  0.001302  0.027344
  87    67.899740    67.824219  0.106771  0.027344
  43    67.817708    67.859375  0.076823  0.029948
  57    67.904948    68.024740  0.053385  0.063802
  52    67.700521    67.811198  0.010417  0.679688
  59    67.701823    67.881510  0.106771  0.110677
  32    68.225260    68.352865  0.022135  0.157552
  82    67.782552    17.773438  0.063802  0.054688
  70    67.795573    67.872396  0.046875  0.057292
  55    67.819010    67.841146  0.046875  0.042969
  55    67.816406    67.843750  0.044271  0.048177
  37    67.963542    68.923177  0.006510  0.055990
  53    68.097656    68.325521  0.177083  0.220052
  37    67.908854    68.037760  0.119792  0.109375
  57    68.035156    68.208333  0.011719  0.121094
 100    68.186198    68.382812  0.005208  0.233073
65    67.843750    67.928385  0.002604  0.075521
60    67.811198    67.997396  0.002604  0.079427
82    67.839844    67.839844  0.005208  0.071615
72    67.882812    67.847656  0.013021  0.032552
84    67.126302    67.261719  0.011719  0.131510
50    67.143229    67.260417  0.083333  0.111979
65    67.250000    67.380208  0.169271  0.121094
70    67.385417    67.615885  0.003906  0.319010
75    67.720052    67.848958  0.006510  0.122396
63    66.911458    61.951823  0.001302  0.044271
41    61.957031    61.983073  0.183594  0.050781
60    61.937500    62.136719  0.006510  0.156250
52    61.967448    62.223958  0.273438  0.286458
  52    61.820312    62.220052  0.125000  0.312500
  57    61.777344    61.906250  0.023430  0.115885
  67    69.063802    69.196615  0.016927  0.089844
  88    61.981771    62.921875  0.010417  0.052083
  67    62.971354    64.083333  0.156250  0.083333
  51    64.121094    64.165365  0.001302  0.031250
  59    64.160156    64.158854  0.161458  0.035156
  71    64.221354    64.227865  0.083333  0.044271
  78    64.484375    64.555990  0.058594  0.039062
  82    64.623698    64.811198  0.128906  0.182292
  35    64.622396    64.790365  0.007812  0.126302
  87    64.670573    64.772135  0.168490  0.032552
  42    64.726562    64.760417  0.013021  0.057292
  57    65.010417    65.106771  0.010417  0.127604
  27    64.697917    64.803385  0.000000  0.078125
  71    63.829427    64.403646  0.373698  0.593750
  77    64.020833    64.246094  0.000000  0.207031
  52    61.833333    62.266927  0.338542  0.332031
  55    61.953125    62.035156  0.125000  0.119792
  66    62.795573    62.981771  0.014323  0.118490
  86    62.835938    62.897135  0.152344  0.045573
82    62.898438    62.895833  0.082031  0.050781
43    62.903646    62.950521  0.002604  0.041667
52    62.873698    62.894531  0.165365  0.053385
70    62.850260    62.885417  0.001302  0.063802
79    62.839844    62.805990  0.001302  0.032552
68    62.807292    62.990885  0.015625  0.078125
75    62.919271    65.122396  0.003906  0.151042
77    62.740885    62.934896  0.003906  0.205729
63    62.830729    63.032552  0.000000  0.140625
53    62.891927    63.458333  0.265625  0.670573
72    51.828125    52.390625  0.001302  0.673177
57    52.179688    55.128906  0.000000  0.130208
  66    53.269531    53.545573  0.002604  0.625000
  72    53.226562    53.356771  0.053385  0.117188
  72    53.476562    53.539062  0.095052  0.054688
  67    53.575521    53.592448  0.037760  0.042969
  95    53.941406    53.970052  0.087240  0.033854
  75    50.031250    50.148438  0.087240  0.095052
  90    53.840365    54.109375  0.190104  0.218750
  61    53.869792    53.880208  0.130208  0.030469
  72    55.020833    55.072917  0.076823  0.057292
  67    55.031250    55.128906  0.009115  0.075521
  90    55.190104    55.260417  0.013021  0.049479
  40    55.325521    55.320312  0.000000  0.072917
  45    55.401042    55.550781  0.180990  0.135417
  71    55.596354    55.792969  0.104167  0.123698
  73    55.752604    55.906250  0.003906  0.058594
  49    55.794271    55.891927  0.007812  0.042969
  45    55.829427    55.839844  0.002604  0.084635
  45    55.919271    55.968750  0.002604  0.042969
  78    55.927083    55.998698  0.166667  0.032552
  78    55.970052    55.959635  0.182292  0.070312
  91    55.694010    56.023438  0.205729  0.283854
  87    56.092448    56.638021  0.001302  0.751302
  42    56.210938    56.614583  0.005208  0.386719
  78    56.316427    56.462240  0.000000  0.131510
  94    56.460938    56.714844  0.174479  0.325521
  59    56.635417    56.906250  0.001302  0.221354
  90    56.820312    57.016927  0.128906  0.114583
  87    56.989583    57.041667  0.122396  0.105469
75    57.011719    57.132812  0.003906  0.122396
96    57.105469    57.273438  0.010417  0.214844
57    57.572917    57.722656  0.020833  0.087240
45    57.579427    57.904948  0.010417  0.287760
  57    57.730469    57.899740  0.049479  0.209635
  50    57.756510    57.897135  0.013021  0.045573
  60    57.716146    57.682892  0.036458  0.057292
  56    57.803385    57.927083  0.009115  0.076823
  71    57.769531    57.957031  0.166667  0.111979
  87    57.925781    57.962240  0.054688  0.040365
  85    57.966146    58.071615  0.007812  0.130208
  64    58.041667    58.067708  0.007812  0.055990
  64    58.131510    58.220052  0.104167  0.101562
  69    57.811198    57.835938  0.053385  0.048177
  99    57.651042    57.746094  0.006510  0.082031
  71    57.457031    57.425781  0.071615  0.044271
  80    57.473958    57.466146  0.003906  0.032552
  84    57.576823    57.671875  0.005208  0.074219
  51    58.510417    58.694010  0.006510  0.209635
  29    58.845052    58.907552  0.109375  0.070312
  84    59.027344    59.125000  0.000000  0.127604
  57    59.045573    59.071615  0.057292  0.036458
  87    59.139323    59.217448  0.000000  0.113281
  98    59.210938    59.404948  0.057292  0.136719
  67    59.130208    59.190104  0.076823  0.052083
  45    59.463542    59.532552  0.153646  0.059896
70    59.723958    59.691406  0.042969  0.041667
75    59.618490    59.707031  0.101562  0.055990
62    59.701823    59.899740  0.001302  0.117188
  64    59.701823    59.733073  0.063802  0.079427
  72    59.809896    59.986979  0.069010  0.141927
  79    59.815104    59.885417  0.002604  0.052083
  64    59.779948    59.820312  0.095052  0.032552
  83    59.712240    50.710938  0.007812  0.113281
  59    59.052083    59.152344  0.151042  0.040365
  71    59.186198    59.204427  0.005208  0.109375
  51    59.208333    59.266927  0.097656  0.016927
  76    59.334635    59.451823  0.002604  0.132812
69    59.268229    59.541667  0.002604  0.276042
71    59.638021    59.734375  0.002604  0.101562
81    59.713542    59.843750  0.105469  0.119792
61    59.743490    59.855469  0.104167  0.066406
80    59.813802    59.901042  0.010417  0.046875
53    59.832031    50.786458  0.002604  0.514323
52    59.319010    59.611979  0.040365  0.419271
  57    59.472656    59.881510  0.734375  0.329427
  