74    1.023438    1.085938  0.000000  0.062500
47    1.049479    1.104167  0.002604  0.024740
80    2.078125    2.231771  0.173177  0.041667
70     2.330729     2.453125  0.001302  0.066406
47     2.406250     7.494792  0.145833  0.044271
55    26.067708    26.217448  0.152344  0.141927
27    26.114583    26.934896  0.186198  0.230469
49    26.102865    26.523438  0.630208  0.501302
90    26.867188    27.213542  0.057292  0.285156
84    26.049479    26.934896  0.026042  0.080729
46    20.855469    20.826823  0.009115  0.046875
87    20.679688    20.802083   0.097656   0.123698
67    28.286458    28.391927   0.118490   0.057292
47    28.203125    28.287760   0.095052   0.037760
59   208.065104   208.321615   0.221354   0.235677
55   208.170573   208.229167   0.175781   0.088542
50   208.295573   208.359375   0.072917   0.054688
73   208.554688   208.619792   0.082031   0.045573
63   208.601562   208.825521   0.088542   0.192708
68   280.294271   280.384115   0.049479   0.076823
80   280.247396   280.338542   0.075521   0.075521
82   280.393229   280.489583   0.003906   0.084635
53   280.527344   280.614583   0.082031   0.066406
48   280.403646   820.361979   0.101562   0.069010
39   370.126302   370.221354   0.067708   0.070312
51   370.141927   370.220573   0.002604   0.063802
32   370.270833   370.420573   0.298177   0.106771
74   370.256510   360.432292   0.007812   0.180990
56   351.950521   353.006510   0.006510   0.213542
48   373.432292   373.493490   0.096354   0.088542
87   373.368490   373.579427   0.261719   0.207031
82   373.402344   373.614583   0.005208   0.210938
72   373.437500   373.609375   0.009115   0.154948
51   373.634115   373.566406   0.002604   0.061198
56   374.354167   374.476562   0.023438   0.085938
44   374.545573   374.821615   0.000000   0.209635
44   374.658854   374.829427   0.007812   0.195312
64   375.175781   375.307292   0.179688   0.140625
70   375.315104   375.382812   0.000000   0.071615
68   375.579427   375.559896   0.005208   0.041667
73   375.583333   375.697917   0.018229   0.048177
55   375.639323   375.691406   0.005208   0.037760
56   375.619792   375.662760   0.013021   0.053385
56   375.657552   375.790365   0.230469   0.134115
55   375.756510   375.813802   0.006510   0.032552
72   375.657552   375.820312   0.214844   0.083333
37   375.876302   375.852865   0.002604   0.045573
56   375.804688   375.972656   0.182292   0.121094
44    55.654948    55.816406   0.010417   0.177083
75    55.649740    55.897146   0.005208   0.236979
70    55.727865    55.786458   0.493490   0.083333
51    55.743490    55.807292   0.001302   0.125000
47    55.769531    55.817708   0.001302   0.123698
47    58.378906    58.486979   0.078125   0.087240
39    55.834635    55.898438   0.007812   0.074219
64   376.078125   376.194010   0.013021   0.073438
48   376.033854   376.402865   0.001302   0.341146
77   376.046875   376.397135   0.016927   0.302083
54   376.337240   376.412760   0.001302   0.037760
56   376.384115   376.500000   0.016927   0.105469
55   367.283854   367.385417   0.000000   0.057292
54   367.346354    63.683594   0.0221354   0.351562
70   501.532552   501.736979  0.177083  0.134115
58   501.432292   501.513021  0.000000  0.076823
  92   500.404948   500.502604  0.057292  0.084635
  87   500.559896   500.640625  0.092448  0.088542
  98   500.567708   500.606771  0.046875  0.035156
  89   500.513021   500.576823  0.005208  0.061198
  84   500.550781   500.691406  0.053385  0.113281  0.095052
41  376.376302  376.567708  0.006510  0.191406
40  376.414062  376.921875  0.018229  0.341146
79  376.510417  376.779948  0.002604  0.178385
74  376.634115  379.658854  0.002604  3.152344
64  376.636719  377.057292  0.391927   0.415365
60  376.867188  376.975260  0.007812   0.115885
59  376.039062  376.218750  0.019531   0.166667
75  376.066406  376.339844   0.184896  0.177083
78  367.752604  368.223958   0.013021  0.329427
71  368.200521  368.769531   0.251302  0.458333
54  368.075521  368.216146   0.147135  0.132812
69  368.170573  368.545573   0.022135  0.328125
69  368.222656  369.063802   0.000000  0.360677
69  368.437500  368.872396   0.003906  0.415365
59  368.264323  368.524740   0.003906  0.247396
64  368.549479  369.415365  0.550781   0.817708
61  396.287760  397.416667  0.704427   1.829427
49  396.404948  397.528646  0.000000   0.548177
71  395.736979  395.955729  0.003906   0.166667
75  395.904948  396.167969   0.154948  0.204427
66  395.899740  396.289062   0.006510  0.377604
42  395.960938  396.287760   0.180990  0.259115
48  396.111979  396.276042   0.007812  0.078125
72  396.348958  396.477865   0.144531  0.097656
69  396.446615  396.462240   0.154948  0.032552
76  396.494792  396.473958  0.006510  0.046875
86  396.618490  396.671875  0.003906  0.052083
45  396.772135  396.928385  0.052083  0.109375
80  396.955729  396.989583  0.005208  0.032552
80  396.951823  397.143229  0.118490  0.144531
72  396.945312  397.055990  0.003906  0.048177
45  397.040365  397.078125  0.039062  0.050781
68  397.036458  397.070312  0.001302  0.062500
84  397.035156  398.080729  0.033854  0.072917
54  397.915365  398.032552  0.029948  0.054688
53  399.162760  399.283854  0.000000  0.046875
73  399.197917  399.283854  0.001302  0.084635
78  399.179688  399.217448  0.002604  0.062500
44  399.278646  399.403646  0.001302  0.082031
79  399.445312  399.539062  0.196615  0.049479
57  399.481771  399.502604  0.001302  0.037760
59  399.636719  399.687500  0.001302  0.049479
87  399.687500  399.690104  0.009115  0.042969
59  399.747396  399.809896  0.014323  0.066406
46  399.743490  399.738281  0.070312  0.027344
47  399.847656  399.937500  0.016927  0.101562
61  399.822917  399.942708  0.048177  0.080729
77  399.914062  399.996094  0.006510  0.052083
54  399.805990  399.929688  0.006510  0.098958
49  399.851562  390.029948  0.002604  0.048177
46  399.815104  391.934896  0.007812  0.300781
48   938.713542   984.402344  0.014323  0.645833
51   938.790365   939.786458  0.007812  0.488281
  86   939.710938   939.734375  0.011719  0.157552
  65   939.950521   939.975260  0.037760  0.048177
  68   399.941406   391.031250  0.065104  0.101562
  66   399.048177   399.082031  0.074219  0.071615
  94   399.000000   399.141927  0.046875  0.075521
  85   399.114583   399.207031  0.089844  0.088542
  89   938.933594   939.162760  0.002604  0.190104
  54   938.941406   939.218750  0.415365  0.285156
  87   399.407552   399.554688  0.048177  0.127604
  66   399.404948   399.476562  0.063802  0.072917
  85   394.687500   394.817708  0.145833  0.128906
  80   394.412760   394.486979  0.072917  0.096354
  95   393.466146   393.611979  0.082031  0.126302
  68   393.506510   393.673177  0.074219  0.147135
  80   393.688802   393.783854  0.033854  0.096354
  58   393.602865   393.658854  0.078125  0.072917
  87   393.665365   393.748698  0.084635  0.088542
  77   393.459635   393.484375  0.085938  0.067708
  97   393.463542   393.686198  0.076823  0.161458
  89   393.488281   393.640625  0.091146  0.180990
  87   393.464844   393.472656  0.065104  0.063802
  89   393.489583   393.614583  0.089844  0.098958
  94   393.440104   393.467448  0.041667  0.088542
  66   393.464844   393.503906  0.096354  0.061198
  85   393.639323   393.768229  0.096354  0.113281
  62   393.636719   393.680990  0.162760  0.088542
  55   393.510417   393.468750  0.097656  0.001302
  88   393.492188   393.565104  0.097656  0.075521
  48   393.507812   393.670573  0.100260  0.125000
  85  339.856771  339.941406  0.096354  0.078125
53  339.433594  339.561198  0.113281  0.092448
59  339.537760  339.628906  0.083333  0.082031
45  339.548177  339.598958  0.019531  0.082031
44  339.553385  339.626302  0.001302  0.048177
44  339.602865  339.641927  0.088542  0.098958
84  339.636719  339.699219  0.006510  0.048177
48  339.710938  339.703125  0.096354  0.053385
40  339.597656  339.640625  0.079427  0.082031
81  339.438802  339.391927  0.057292  0.031250
64  339.363281  339.384115  0.098958  0.045573
57  334.080729  334.196615  0.024740  0.117188
58  334.286458  334.347656  0.007812  0.052083
37  334.088542  334.158854  0.088542  0.139323
83  334.234375  334.375000  0.156250  0.069010
78  334.304688  334.390625  0.002604  0.072917
77  334.286458  334.437500  0.134115  0.113281
64  334.234375  334.360677  0.071615  0.085938
37  334.239583  334.356771  0.069010  0.128906
48  334.354167  334.425781  0.032552  0.083333
38  334.417969  334.505208  0.002604  0.082031

6  334.466146  334.486979  0.067708  0.048177
48  334.386719  334.488281  0.093750  0.067708
52  334.367188  334.395833  0.065104  0.066406
56  334.348958  334.488281  0.082031  0.101562
74  334.386719  334.390625  0.009115  0.063802
77  334.446615  334.548177  0.136719  0.098958
53  334.386719  334.367188  0.002604  0.062500
51  333.446615  333.498698  0.045573  0.084635
57  333.522135  333.519531  0.048177  0.059896
44  334.238281  334.623698  0.024740  0.408854
56  334.388021  334.619792  0.197917  0.174479
43  334.303385  334.507812  0.102865  0.226562
48  334.285156  334.329427  0.033854  0.044271
43  334.256510  334.367188  0.033854  0.052083
48  334.290365  334.421875  0.105469  0.111979
60  334.167969  334.308594  0.089844  0.105469
64  334.255208  334.282552  0.023438  0.076823
83  334.265625  334.292969  0.074219  0.067708
83  334.347656  334.433594  0.087240  0.082031
52  334.398438  334.394531  0.104167  0.050781
43  334.385417  334.394531  0.018229  0.039062
76  333.643229  334.636719  0.014323  0.348958
89  334.083333  334.381510  0.186198   0.359375
60  334.265625  334.377344  0.153646   0.083333
69  334.451823  334.851562  0.036458   0.388021
47  334.259115  334.532552  0.111979   0.200521
62  334.088542  334.390625  0.001302   0.248698
68  334.386719  334.941406  0.437500   1.123698
60  334.476562  334.847656  0.042969   0.347656
79  334.386719  334.562500  0.184896   0.186198
69  334.212240  334.856771  0.029948   0.308594
59  333.356771  334.460938  0.007812   0.208333
47  334.355469  334.535156  0.006510   0.220052
68  334.441406  334.614583  0.005208   0.217448
76  334.516615  334.813802  0.006510   0.329427
54  334.363281  334.683594  0.002604   0.238281
70  334.402344  334.683904  0.009115   0.217448
64  334.438802  333.684896  0.046875   0.299479
55  334.338542  334.669271  0.027344   0.386719
49  334.269531  334.983073  0.010417   0.957031
66  334.311198  334.511719  0.037760   0.175781
55  334.386719  334.842448  0.170573   0.433594
71  334.463542  334.944010  0.007812   0.397135
59  334.436198  334.816406  0.183594   0.364583
48  334.386719  334.940104  0.187500   5.867188
44  345.351562  345.644531  0.398438   0.300781
42  345.346354  345.800781  0.119792  4.967448
45  345.391927  347.433594  0.173177  1.623698
45  345.036458  345.342448  0.013021   0.230469
72  343.468750  343.717448  0.156250   0.178385
53  334.382812  334.632812  0.199219   0.320312
55  334.386719  334.733073  0.236979   0.338542
48  343.359375  343.602865  0.118490   0.233073
57  343.300781  343.438802  0.140625  0.109375
53  334.363281  334.494792  0.128906  0.092448
86  334.335938  334.468750  0.002604  0.093750
79  334.505208  334.626302  0.006510  0.105469
37  334.605469  334.718750  0.065104  0.062500
79  334.695312  334.783854  0.001302  0.063802
47  334.312500  334.393229  0.013021  0.074219
77  333.356771  333.496094  0.097656  0.132812
79  334.360677  334.384115  0.010417  0.069010
48  334.464844  334.592448  0.122396  0.100260
52  334.654948  334.683594  0.024740  0.062500
77  334.356771  334.394531  0.062500  0.062500
49  334.342448  334.363281  0.018229  0.035156
75  334.386719  334.518229  0.108073  0.079427
66  343.506510  343.746094  0.003906  0.184896
35  343.502604  343.542969  0.003906  0.044271
46  343.605469  343.644531  0.013021  0.041667
52  343.723958  343.842448  0.102865  0.098958
53  334.089844  334.255208  0.009115  0.214844
57  334.248698  334.358073  0.011719  0.050781
48  334.328125  334.407552  0.083333  0.096354
47  334.394531  334.483073  0.092448  0.048177
48  334.321615  334.548177  0.089844  0.114583
76  334.455729  334.502604  0.000000  0.041667
36  334.424479  334.614583  0.236979  0.126302
92  334.320312  334.412760  0.074219  0.078125
44  334.481771  334.626302  0.153646  0.143229
48  334.354167  343.433594  0.118490  0.072917
45  343.345052  343.360677  0.084635  0.041667
36  343.363281  343.372396  0.003906  0.027344
83  343.361979  343.376302  0.048177  0.037760
56  343.470052  343.507812  0.003906  0.033854
83  343.367188  343.300781  0.001302  0.026042
76  343.281250  343.367188  0.065104  0.069010
48  334.215625  334.283854  0.007812  0.050781
41  334.283854  334.388021  0.084635  0.066406
59  334.388021  334.488281  0.015625  0.102865
44  334.369792  334.444010  0.075521  0.088542
45  334.295573  334.333333  0.005208  0.074219
43  334.295573  334.339844  0.061198  0.063802
48  334.238281  334.319010  0.016927  0.080729
85  334.307292  334.408854  0.031250  0.098958
73  334.259115  334.334635  0.074219  0.076823
69  334.296875  334.460938  0.126302  0.148438
60  334.283854  334.354167  0.128906  0.033854
83  334.287760  334.408854  0.002604  0.098958
84  334.388021  334.468750  0.003906  0.080729
50  334.345052  333.544271  0.026042  0.162760
74  334.335938  334.479167  0.174479   0.091146
54  334.337240  334.546875  0.059896   0.191406
65  334.347656  334.648438  0.020833   0.244792
60  334.477865  334.928385  0.346354   0.384115
56  334.343750  334.644531   0.013021  0.376302
52  334.347656  334.531250   0.007812  0.143229
52  334.489583  334.592448   0.007812  0.134115
76  334.505208  334.606771   0.282552  0.111979
76  334.638021  334.683594   0.075521  0.039062
49  334.588542  334.636719   0.018229  0.036458
38  334.739583  334.876302   0.000000  0.067708
66  334.960938  334.937500  0.014323   0.036458
37  334.914062  334.990885  0.024740   0.054688
78  334.805990  334.993490  0.003906   0.148438
74  334.824219  334.833333  0.128906   0.045573
67  334.968750  335.510417  0.178385   0.516927
49  334.283854  334.449219  0.117188   0.149740
51  334.350260  334.667969  0.023438   0.298177
39  334.356771  334.901042  0.287760   0.812500
58  334.302083  334.404948  0.022135   0.076823
64  334.442708  334.638021  0.195312   0.247396
57  334.454427  334.825521  0.184896   0.283854
57  334.414062  334.634115  0.102865   0.205729
79  334.381510  334.944010  0.011719   1.725260
57  333.807292  334.410156  0.024740   0.457031
47  333.415365  333.647135  0.132812   0.169271
72  333.359375  333.643229  0.023438   0.313802
42  334.083333  334.282552  0.144531   0.191406
74  334.291667  334.442708  0.203125   0.100260
59  334.309896  334.839844  0.013021   1.036458
62  334.417969  334.824219  0.013021   0.397135
55  334.381510  334.533854  0.024740   0.087240
59  334.330729  334.528646  0.167969   0.134115
64  334.444010  334.684896  0.014323   0.302083
68  334.467448  334.848958  0.023438   0.395833
67  343.583333  343.867188  0.276042   0.191406
59  334.764323  335.178385  0.006510   4.289062
68  345.092448  345.304688  0.062500  0.128906
59  345.184896  345.233073  0.001302  0.033854
83  345.243490  345.388021  0.102865  0.088542
36  345.386719  345.377604  0.054688  0.033854
72  345.467448  345.561198  0.104167  0.076823
43  345.490885  345.842448  0.063802  0.279948
42  345.472656  345.550781  0.069010  0.125000
80  345.507812  345.618490  0.341146  0.093750
79  345.654948  345.804688  0.087240  0.122396
43  345.703125  345.835938  0.070312  0.121094
48  345.884115  345.941406  0.048177  0.040365
84  345.753906  345.822917  0.006510  0.083333
64  345.757812  354.673177  0.022135  0.001302
59  354.880208  354.950521  0.085938  0.096354
55  345.839844  345.884115  0.063802  0.052083
52  345.688802  345.750000  0.072917  0.061198
73  354.148438  354.183594  0.088542  0.036458
9   53.434896   53.662760  0.179688  0.141927
61  350.083333  350.317708  0.171875  0.114583
77  350.225260  350.332031  0.000000  0.087240
73  350.320312  351.339844  0.139323  0.149740
79  355.317708  355.348958  0.013021  0.033854
35  355.217448  358.321615  0.063802  0.050781
51  337.697917  337.726562  0.016927  0.037760
83  337.871094  337.829427  0.006510  0.027344
52  338.036458  338.153646  0.084635  0.128906
79  338.244792  338.283854  0.011719  0.052083
48  338.307292  338.401042  0.039062  0.055990
68  338.420573  338.524740  0.079427  0.083333
59  338.544271  338.576823  0.102865  0.031250
48  338.641927  338.658854  0.011719  0.031250
48  338.753906  338.850260  0.111979  0.117188
52  338.592448  338.682292  0.014323  0.041667
44  336.890625  337.053385  0.019531  0.188802
72  330.872396  330.878906  0.005208  0.071615
50  330.828125  330.876302  0.161458  0.049479
46  330.832031  330.832031  0.006510  0.044271
44  336.746094  336.848958  0.069010  0.097656
75  336.802083  336.867188  0.014323  0.111979
43  336.861979  336.873698  0.128906  0.037760
80  336.727865  336.851562  0.001302  0.121094
83  336.864583  336.923177  0.003906  0.092448
62  336.829427  331.649740  0.079427  0.066406
74  331.746094  331.834635  0.136719  0.123698
80  331.662760  331.779948  0.091146  0.114583
48  331.962240  332.022135  0.011719  0.066406
68  331.947917  332.114583  0.011719  0.139323
71  332.101562  332.187500  0.097656  0.065104
48  332.315104  332.447917  0.093750  0.091146
40  332.106771  332.164062  0.013021  0.062500
35  332.212240  332.296875  0.184896  0.065104
42  332.288542  333.303385  0.070312  0.083333
67  332.438802  332.540365  0.035156  0.096354
52  332.467448  332.513021  0.069010  0.092448
72  332.460938  332.617188  0.132812  0.078125
61  332.593750  332.604167  0.036458  0.037760
48  333.282552  333.388021  0.048177  0.098958
48  333.295573  333.354167  0.011719  0.039062
45  334.251302  333.372396  0.062500  0.130208
79  333.334635  333.483073  0.093750  0.118490
84  333.166667  333.296875  0.059896  0.059896
69  333.246094  333.233073  0.006510  0.048177
88  333.385417  333.428385  0.106771  0.039062
55  333.416667  333.463542  0.006510  0.033854
76  333.643229  333.735677  0.080729  0.089844
88  333.786458  333.880208  0.002604  0.087240
52  333.867708  333.998698  0.053385  0.143229
29  333.864583  333.894531  0.000000  0.078125
46  333.802083  333.958333  0.002604  0.174479
44  333.945312  334.022135  0.092448  0.092448
72  334.084635  334.188802  0.123698  0.122396
71  334.285156  334.390625  0.106771  0.092448
76  334.308594  334.380208  0.158854  0.055990
51  334.253906  334.313802  0.002604  0.049479
48  334.233073  334.296875  0.101562  0.028646
55  343.296875  343.334635  0.006510  0.037760
64  343.386719  343.412760  0.075521  0.033854
77  343.485677  343.535156  0.080729  0.080729
86  343.557292  343.565104  0.023438  0.022135
53  343.561198  343.641927  0.010417  0.071615
86  344.412760  344.597656  0.050781  0.104167
80  344.368490  344.402344  0.023438  0.078125
82  344.390625  344.425781  0.002604  0.069010
84  344.359375  344.480469  0.084635  0.079427
77  344.381510  344.404948  0.082031  0.048177
43  343.466146  343.520833  0.003906  0.044271
44  343.415365  343.419271  0.013021  0.001302
82  343.389323  343.412760  0.007812  0.036458
83  343.441406  343.507812  0.015625  0.041667
87  343.367188  343.427083  0.093750  0.035156
57  343.364583  343.386719  0.001302  0.032552
71  343.613281  343.751302  0.114583  0.100260
76  343.743490  343.816406  0.092448  0.063802
77  343.670573  343.812500  0.006510  0.061198
48  343.753906  343.912760  0.006510  0.118490
72  334.356771  334.885417  0.134115  1.209635
70  334.326823  334.819010  0.033854  0.526042
55  334.201823  334.373698  0.093750  0.102865
40  334.382812  334.447917  0.005208  0.053385
55  334.386719  334.493490  0.114583  0.088542
58  334.316406  334.453125  0.111979  0.089844
72  334.352865  334.436198  0.123698  0.032552
77  334.386719  334.483073   0.006510  0.079427
48  334.365885  334.442708   0.234375  0.061198
59  334.261719  334.375000   0.154948  0.080729
76  334.386719  334.480469   0.026042  0.058594
79  334.351562  334.356771 