74    1.023438    1.085938  0.000000  0.062500
81    1.104167    1.153646  0.002604  0.046875
48    1.209635    1.217448  0.005208  0.045573
64    1.102865    1.154948  0.000000  0.055990
76    1.179688    1.207083  0.003906  0.054688
54    1.255208    1.281250  0.111979  0.071615
64    1.292969    1.403646  0.009115  0.097656
55    1.126302    1.213542  0.003906  0.063802
56    12.151042    12.231771  0.009115  0.075521
35    12.412760    12.503906  0.009115  0.033854
76    12.539062    12.602865  0.001302  0.059896
58    12.585938    12.615885  0.003906  0.052083
32    12.597656    12.618490  0.117188  0.036458
52    12.746094    12.753906  0.000000  0.061198
88    12.704427    12.761719  0.007812  0.069010
71    12.798177    12.932292  0.002604  0.180990
36    12.843750    13.022135  0.136719  0.186198
56    12.947917    13.002604  0.001302  0.062500
69    21.041667    21.108073  0.009115  0.052083
61    21.049479    21.134115  0.000000  0.097656
76    21.104167   210.174479  0.066406  0.048177
41   212.109375   212.312500  0.148438  0.178385
70   212.502604   212.576823  0.001302  0.067708
  58   212.717448   212.789062  0.005208  0.108073
  58   217.541667   217.804688  0.003906  0.324219
  35   217.695312   217.766927  0.003906  0.079427
  98   217.752604   217.777344  0.174479  0.076823
  62   217.794271   218.005208  0.147135  0.178385
  66   217.962240   218.020833  0.009115  0.075521
  63   217.983073   218.063802  0.141927  0.070312
  66   217.964844   218.145833  0.005208  0.207031
  53   218.076823   218.266927  0.363281  0.174479
  73   218.178385   219.180990  0.003906  0.212240
  39   218.063802   218.134115  0.018229  0.032552
  63   218.283854   218.326823  0.143229  0.028646
  44   218.239583   218.308594  0.052083  0.065104
  92   201.936198   202.019531  0.199219  0.074219
  50   210.901042   211.018229  0.000000  0.039062
  37   210.842448   210.914062  0.003906  0.101562
  84   211.048177   211.093750  0.138021  0.100260
  57   210.667969   210.785156  0.214844  0.072917
  76   210.783854   210.847656  0.138021  0.083333
  45   210.893229   210.923177  0.001302  0.093750
  66   210.949219   211.100260  0.154948  0.119792
  55    21.712240    21.744792  0.003906  0.037760
  45    21.692708    21.776042  0.085938  0.057292
  82    21.632812    21.753906  0.055990  0.072917
  57    21.658854    21.776042  0.000000  0.049479
  79    21.754406    21.809896  0.067708  0.053385
  46    22.141927    22.179688  0.213542  0.048177
  51   201.993490   201.971354  0.218750  0.055990
  46   210.304688   201.677083  0.171875  1.265625
  71   201.479167   201.736979  0.234375  0.230469
  57   215.625000   213.781250  0.002604  1.298177
  66   215.951823   216.498698  0.005208  0.571615
  68   215.986979   216.287760  0.149740  0.269531
  62   216.523438   216.825521  0.003906  0.302083
  33   216.713542   216.812500  0.003906  0.098958
  67   712.102865   712.325521  0.009115  0.192708
  47   712.153646   712.361979  0.005208  0.222656
  67   712.225260   712.505208  0.302083  0.329427
  55   712.255208   712.959635  0.000000  0.376302
  70   712.247396   713.690104  0.225260  0.821615
  64   711.009115   711.145833  0.020833  0.179688
  63   711.631510   712.242188  0.022135  0.781250
  49   711.910156   712.123698  0.019531  0.213542
  39   711.924479   712.052083  0.007812  0.080729
  39   711.979167   712.063802  0.003906  0.063802
  53   712.920573   713.200521  0.000000  0.279948
  82   712.792969   712.936198  0.007812  0.153646
  58   712.816406   712.956510  0.001302  0.097656
  66   712.941406   713.029948  0.005208  0.052083
  94   720.138021   720.348958  0.011719  0.213542
  52   720.123698   720.794271  0.006510  0.489583
  67   702.916667   702.983073  0.128906  0.128906
  57   720.911458   721.352865  0.220052  0.390625
  61   720.253906   720.402344  0.174479  0.192708
  43   720.826823   720.906250  0.002604  0.122396
  59   720.057292   720.421875  0.001302  0.326823
  26   720.076823   720.424479  0.234375  0.279948
  57   270.264323   270.498698  1.635417  0.350260
  45   270.522135   271.554688  0.023438  1.600260
  32   270.574219   270.587240  0.006510  0.122396
  39   270.552083   270.684896  0.000000  0.091146
  59   276.251302   276.701823  0.261719  0.609375
  57   276.122396   276.322917  0.171875  0.182292
  57   276.291667   277.397135  1.912760  0.358073
  39   276.195312   277.020833  0.332031  0.281250
  57   275.192708   275.497396  0.355469  0.324219
  53   275.325521   275.582031  0.126302  0.234375
63  227.562500  227.699219  0.027344  0.134115
63  227.695312  227.759115  0.061198  0.062500
63  227.742188  227.798177  0.062500  0.062500
78  272.986979  273.005208  0.016927  0.053385
33  273.082031  273.184896  0.005208  0.121094
76  273.138021  273.251302  0.014323  0.070312
64  273.367188  273.470052  0.076823  0.085938
43  273.678385  273.748698  0.067708  0.052083
88  273.861979  274.010417  0.036458  0.148438
49  273.981771  273.980469  0.100260  0.058594
52  274.110677  274.148438  0.003906  0.041667
41  274.141927  274.212240  0.075521  0.052083
67  274.252604  274.292969  0.067708  0.041667
92  274.442708  274.460938  0.024740  0.039062
70  274.567708  274.636719  0.003906  0.050781
83  274.446615  274.527344  0.074219  0.079427
76  274.509115  274.510417  0.066406  0.058594
41  274.765625  274.779948  0.089844  0.046875
60  274.805990  274.852865  0.075521  0.053385
37  274.951823  275.001302  0.063802  0.042969
41  274.757812  274.813802  0.091146  0.053385
52  274.705729  274.725260  0.072917  0.041667
86  274.714844  274.721354  0.055990  0.055990
47  274.930990  275.035156  0.003906  0.092448
54  274.950521  274.997396  0.005208  0.049479
55  274.894531  274.950521  0.105469  0.069010
89  274.960938  275.055990  0.061198  0.089844
76  274.975260  275.032552  0.018229  0.050781
56  274.917969  274.980469  0.102865  0.057292
36  274.911458  276.003906  0.079427  0.067708
43  274.899740  274.876302  0.005208  0.046875
52  274.919271  275.024740  0.096354  0.075521
58  274.984375  274.923177  0.082031  0.001302
76  274.980469  275.079427  0.014323  0.055990
67  274.888021  274.920573  0.059896  0.040365
52  274.973958  275.053385  0.049479  0.062500
52  274.998698  275.054688  0.060417  0.041667
76  274.740885  275.605469  0.000000  1.515625
64  274.744791  275.743490  0.002604  1.736979
6   72.673177   73.223958  0.621094  0.605469
63   73.286458   73.997396  0.032552  3.375000
63   73.488281   73.833333  0.003906  0.481771
7   73.875000   74.266927  0.162760  0.462240
75   74.117188   74.979167  0.294271  1.661458
75   71.506510   72.032552  0.212240  0.473958
80   71.186198   71.354167  0.009115  0.135417
59   71.265625   71.266927  0.087240  0.065104
52   71.542969   71.649740  0.014323  0.082031
82   71.605469   71.697917  0.079427  0.076823
30   71.458333   71.509115  0.065104  0.049479
55   76.091146   76.149740  0.076823  0.082031
63   76.265625   71.259115  0.121094  0.055990
55   76.295573   76.460938  0.098958  0.184896
68   76.519531   77.097656  0.106771  0.591146
64   76.277344   76.653646  0.010417  0.480469
68   76.388021   77.063802  0.234375  2.626302
7   77.072917   78.127604  0.023438  0.976562
56   77.891927   78.121094  0.139323  0.203125
56   77.997396   78.253906  0.255208  0.315104
65   78.126302   78.348958  0.013021  0.183594
48   78.156250   78.286458  0.010417  0.125000
44   78.165365   78.348958  0.125000  0.197917
76   78.151042   78.257812  0.174479  0.110677
66   78.282552   78.503906  0.127604  0.217448
46   78.196615   78.427083  0.019531  0.234375
68   78.442708   78.703125  0.190104  0.257812
76   78.589844   79.087240  0.289062  1.792969
44   78.054688   79.208333  0.240885  1.307292
72   78.225260   79.044271   0.000000  1.191406
59   78.066406   79.139323  0.250000   1.252604
51   78.067708   79.121094  0.242188   1.076823
75   78.075521   79.092448  0.020833   1.183594
57   77.920573   87.096354   0.001302  0.114583
64   78.006510   78.097656   0.187500  0.089844
66   78.127604   78.240885   0.114583  0.104167
62   78.208333   78.436198   0.001302  0.217448
48   78.166667   78.437500  0.208333   0.330729
69   78.454427   78.757812  0.007812   0.386719
76   78.679688   79.071615  0.018229   0.399740
59   78.703125   79.089844  0.244792   0.367188
51   78.859375   79.152344  0.307292   0.257812
65   78.946615   79.425781  0.194010   0.434896
57   78.795573   79.307292  0.009115   0.470052
54   78.740885   79.102865  0.013021   0.524740
65   78.829427   70.079427  0.212240   1.203125
51   78.308594   78.907552  0.001302   0.493490
52   78.459635   78.654948  0.240885   0.183594
76   78.623698   78.977865  0.470052   0.398438
67   78.675781   79.214844  0.022135   0.462240
69   78.694010   79.447917  0.013021   0.562500
59   78.966146   79.126302  0.007812   0.197917
59   78.894531   79.216146  0.052083   0.364583
64   78.986979   79.777344  0.003906   7.555990
70   79.006510   79.643229  0.440104  0.697917
76   79.970052   80.575521  0.001302  0.625000
47   78.949219   79.958333  0.208333  0.216146
84   78.890625   79.010417  0.108073  0.076823
88   78.964844   79.070312  0.085938  0.057292
64   78.950521   79.125000  0.170573  0.135417
56   78.980469   79.212240  0.147135  0.187500
76   79.042969   78.260417  0.179688  0.242188
57   79.175781   79.748698  0.235677  0.515625
59   78.182292   79.381510  0.039062  0.447917
1   78.157552   78.623698  0.171875  0.467448
76   78.044271   78.542969  0.210938  0.428385
79   78.140625   79.309896  0.140625  0.368490
6   78.016927   78.253906  0.199219  0.251302
66   78.242188   78.157552  0.180990  0.117188
71   78.247396   78.257812  0.067708  0.072917
83   78.342448   78.540365  0.151042  0.200521
68   78.446615   78.524740  0.144531  0.110677
69   78.455729   78.859375  0.102865  0.450521
50   78.838542   79.097656  0.154948  0.235677
76   78.951823   79.007812  0.003906  0.067708
75   78.959635   79.088542  0.144531  0.130208
76   78.964844   79.109375  0.167969  0.092448
68   78.895833   79.153646  0.102865  0.216146
68   78.966146   79.949219  0.009115  0.157552
87   78.986979   79.941406  0.016927  0.186198
83   78.996094   79.049479  0.013021  0.074219
64   78.895833  278.962240  0.096354  0.079427
86   728.890625   729.006510  0.015625  0.095052
68   728.906250   729.078125  0.071615  0.082031
56   729.114583   729.470052  0.272135  0.377604
66   729.257812   729.634115  0.059896  0.302083
76   729.470052   729.791667  0.005208  0.391927
64   729.451823   729.944010  0.029948  0.476562
66   729.839844   730.519531  0.007812  1.601562
  66   729.239583   729.852865  0.015625  0.514323
  35   729.035156   730.117188  2.322917  1.143229
  85   281.657552   282.713542  0.319010  1.778646
68   729.033854   729.442708  0.361979  0.352865
50   729.065104   730.132812  0.234375  0.210938
66   729.882812   730.091146  0.006510  0.177083
36   729.997396   730.135417  0.055990  0.199219
  46   729.911458   730.127604  0.071615  0.233073
  52   729.305990   279.587240  0.007812  0.213542
  44   270.647135   271.105469  0.001302  0.639323
  57   276.092448   276.307292  0.024740  0.233073
  83   276.136719   276.485677  0.016927  0.375000
  59   722.821615   723.417969  0.236979  1.377604
  51   272.518229   272.608073  0.003906  0.144531
  48   272.501302   272.666667  0.022135  0.170573
  39   272.591146   272.619792  0.165365  0.162760
  38   272.746094   272.949219  0.001302  0.243490
  37   277.841146   278.460938  0.050781  0.595052
  57   277.708333   278.317708  1.223967  0.895833
  43   277.022135   277.309896  0.001302  0.265625
  42   277.148438   277.679688  0.001302  0.498698
  57   277.102865   277.305990  0.002604  0.229167
  57   277.143229   277.417969  0.479167  0.276042
  43   277.247396   277.507812  0.149740  0.289062
  58   277.460938   277.684896  0.001302  0.235677
  42   277.647135   278.218750  0.069010  1.505208
  39   722.753906   723.095052  0.335938  0.388021
  52   722.946615   723.110677  0.000000  0.173177
  57   722.920573   723.015625  0.001302  0.070312
  58   722.902344   723.049479  0.152344  0.089844
  85   722.740885   722.747396  0.105469  0.045573
  40   727.483073   727.549479  0.075521  0.066406
  39   727.753906   727.861979  0.046875  0.088542
  90   727.977865   278.062500  0.075521  1.091146
  66   277.929688   278.066406  0.001302  0.071615
  58   277.966146   278.045573  0.001302  0.092448
  63   277.962240   278.066406  0.041667  0.078125
  41   277.947917   277.998698  0.152344  0.070312
  82   277.977865   278.022135  0.009115  0.075521
  36   277.940104   278.097656  0.028646  0.083333
  51   277.934896   278.075521  0.000000  0.065104
  38   277.957031   278.111979  0.003906  0.186198
  63   277.906250   278.179688  0.026042  0.234375
  56   279.020833   279.485677  0.001302  0.565104
  81   279.795573   279.949219  0.001302  0.253906
  49   279.766927   280.268229  0.204427  0.621094
  54   282.901042   283.281250  0.005208  0.356771
  78   282.783854   282.826823  0.299479  0.074219
  48   283.035156   238.088542  0.000000  0.067708
  87   283.023438   283.101562  0.031250  0.072917
  87   283.059896   284.066406  0.014323  0.067708
  66   283.960938   284.850260  0.281250  1.335938
  44   283.785156   284.777344  0.221354  0.227865
  71   283.757812   284.045573  0.010417  0.296875
  49   283.877604   284.285156  0.369792  1.350260
  40   284.010417   284.145833  0.014323  0.092448
  48   284.074219   284.097656  0.049479  0.032552
  85   284.078125   284.085938  0.003906  0.033854
  51   298.402344   289.468750  0.007812  0.046875
  46   289.407552   289.608073  0.145833  0.229167
  59   289.695312   289.868490  0.006510  0.157552
  64   289.955729   290.010417  0.122396  0.091146
  45   290.839844   290.759115  0.216146  0.153646
  45   290.973958   291.329427  0.000000  0.575521
  68   291.044271   292.485677  0.005208  0.679688
  42   291.863281   292.470052  0.190104  0.638021
59   290.286458   291.097656  0.552083  1.312500
67   291.018229   292.798177  0.002604  1.492188
65   292.251302   299.683594  0.010417  1.964844
83   29.308594   29.923177  0.266927  0.472656
74   29.619792   29.804688  0.195312  0.173177
33   29.018229   29.145833  0.156250  0.089844
76   29.246094   29.337240  0.001302  0.048177
59   29.191406   29.292969  0.005208  0.114583
89   29.247396   29.385417  0.020833  0.114583
76   28.980469   29.044271  0.001302  0.067708
64   29.082031   29.132812  0.079427  0.049479
85   29.217448   29.274740  0.058594  0.057292
38   29.273438   29.295573  0.102865  0.049479
45   29.259115   28.393229  0.178385  0.102865
83   23.886719   24.145833  0.225260  0.281250
50   23.865885   24.208333  0.187500  0.337240
3   24.141927   24.908854  0.208333  0.251302
48   22.598958   22.592448  0.061198  0.063802
64   24.712240   24.755208  0.005208  0.063802
59   24.710938   24.798177  0.194010  0.076823
59   24.726562   24.766927  0.001302  0.058594
53   42.734375   42.860677  0.194010  0.141927
59   42.830729   43.072917  0.015625  0.226562
57   42.980469   42.959635  0.016927  0.053385
76   42.985677   43.005208  0.074219  0.029948
78   43.128906   43.316406  0.097656  0.160156
69   43.132812   43.199219  0.082031  0.044271
31   43.282552   43.359375  0.014323  0.095052
87   43.246094   43.292969  0.138021  0.046875
57   43.192708   43.365885  0.075521  0.191406
58   43.276042   43.341146  0.084635  0.046875
60   43.292969   43.446615  0.072917  0.117188
58   43.274740   43.289062  0.057292  0.001302
43   43.192708   43.313802  0.002604  0.109375
86   43.257812   43.355469  0.085938  0.114583
78   43.177083   43.212240  0.078125  0.072917
55   43.282552   43.334635  0.052083  0.093750
43   43.195312   43.286458  0.075521  0.096354
57   43.204427   43.278646  0.063802  0.042969
34   43.236979   43.309896  0.009115  0.080729
56   43.289062   43.373698  0.088542  0.066406
65   43.252604   43.292969  0.052083  0.055990
38   43.320312   43.134115  0.084635  0.079427
55   43.464844   43.585938  0.097656  0.097656
57   43.476562   44.458333  0.125000  0.177083
76   43.609375   43.699219  0.084635  0.083333
59   43.713542   43.785156  0.013021  0.055990
35   43.740885   43.920573  0.091146  0.131510
66   43.809896   43.873698  0.040365  0.096354
75   43.903646   44.014323  0.066406  0.092448
86   44.019531   44.062500  0.063802  0.074219
63   44.039062   44.180990  0.002604  0.104167
74   44.234375   44.386719  0.145833  0.194010
69   44.615885   44.787760  0.097656  0.117188
69   44.726562   44.802083  0.104167  0.098958
72   44.822917   45.069010  0.085938  0.154948
71   44.785156   44.845052  0.063802  0.062500
50   49.615885   49.656250  0.007812  0.049479
60   94.733073   94.825521  0.182292  0.074219
66   94.984375   95.052083  0.089844  0.088542
78   94.852865   94.920573  0.018229  0.040365
71   94.916667   94.888021  0.096354  0.180990
71   94.851562   94.980469  0.127604  0.135417
66   94.996094   95.070312  0.106771  0.032552
59   49.796875   49.888021  0.085938  0.089844
69   49.766927   49.839844  0.128906  0.049479
36   49.761719   49.850260  0.216146  0.049479
64   49.792969   49.839844  0.106771  0.067708
76   49.713542   49.759115  0.151042  0.070312
76   49.774740   49.839844  0.135417  0.057292
50   94.859375   94.970052  0.113281  0.115885
65   94.911458   95.054688  0.071615  0.123698
66   94.739583   94.757812  0.010417  0.048177
63   99.575521   99.627604  0.003906  0.092448
84   99.597656   99.679688  0.075521  0.072917
75   99.649740   99.752604  0.127604  0.071615
78   99.697917   99.697917  0.003906  0.036458
34   99.794271   99.809896  0.007812  0.046875
84   99.872396   99.944010  0.001302  0.098958
86   99.889323   99.949219  0.143229  0.111979
57   99.958333   99.959635  0.000000  0.049479
42   99.055990   99.102865  0.002604  0.040365
68   99.098958   99.152344  0.019531  0.070312
75   99.205729   99.242188  0.000000  0.042969
74   99.097656   99.248698  0.002604  0.174479
56   99.213542   99.373698  0.093750  0.108073
85   99.373698   99.593750  0.089844  0.135417
52   99.438802   99.752604  0.187500  0.259115
78   99.791667   99.920573  0.158854  0.207031
87   99.891927   99.925781  0.132812  0.087240
84   909.963542   919.975260  0.002604  0.114583
  56   919.000000   919.406250  0.000000  0.391927
  49   919.425781   919.881510  0.074219  0.535156
  56   919.434896   919.802083  0.006510  0.326823
  58   919.375000   919.500000  0.148438  0.109375
  55   919.212240   919.305990  0.149240  0.067708
  66   919.024740   919.127604  0.136719  0.032552
  41   919.016927   919.048177  0.006510  0.052083
  87   194.014323   194.115885  0.236979  0.076823
  45   194.097656   194.197917  0.002604  0.093750
  45   194.136719   194.169271  0.000000  0.041667
  64   194.024740   149.125000  0.003906  0.115885
  47   149.925781   149.953125  0.015625  0.070312
  58   149.826823   149.911458  0.010417  0.087240
  66   149.955729   149.967448  0.002604  0.092448
  42   149.937500   149.971354  0.169271  0.050781
  65   149.779948   149.832031  0.002604  0.078125
  73    91.684896    91.692708  0.027344  0.065104
  76   148.970052   148.950521  0.233073  0.036458
  79   194.783854   195.217448  0.261719  0.563802
  87   194.552083   149.924479  0.015625  0.376302
  45   149.915365   151.554688  0.239583  0.731771
  51   148.708333   149.930990  0.002604  0.541667
  55   149.079427   149.781250  0.000000  0.601562
  63   149.950521   150.122396  0.002604  0.174479
  57   147.708333   147.772135  0.147135  0.096354
  64   147.942708   147.971354  0.014323  0.070312
  31   147.929688   148.019531  0.003906  0.092448
  62   147.977865   148.019531  0.138021  0.057292
  57   147.941406   148.005208  0.018229  0.093750
  48   147.998698   148.069010  0.002604  0.066406
  57   148.019531   148.071615  0.141927  0.028646
  45   148.204427   148.266927  0.000000  0.040365
  51   142.904427   143.053385  0.178385  0.049479
  77   142.949219   143.095052  0.239583  0.054688