74    1.023438    1.085938  0.000000  0.062500
41    1.378906    1.501302  0.160156  0.274740
52    1.888021    1.986979  0.001302  0.037760
46    1.757812    1.789062  0.154948  0.114583
60    1.815104    1.925781  0.071615  0.037760
67    1.910156    2.041667  0.028646  0.075521
3    1.703125    1.630208  0.049479  0.079427
45    1.576823    1.468750  0.013021  0.069010
72    1.675781    1.667969  0.000000  0.040365
82    1.747396    1.875000  0.014323  0.117188
46    1.005208    1.045573  0.100260  0.036458
4    1.174479    1.212240  0.095052  0.082031
52    1.481771    1.610677  0.108073  0.057292
65    1.451823    1.488281  0.178385  0.121094
41   12.458333   12.421875  0.010417  0.048177
44   21.815104   21.152344  0.154948  0.046875
87   21.574219   21.570312  0.026042  0.071615
35   21.740885   21.769531  0.001302  0.084635
79   21.946615   22.110677  0.048177  0.058594
52   21.747396   22.376302  0.183594  0.250000
48   21.119792   21.319010  0.111979  0.071615
66   22.161458   23.243490  0.259115  0.113281
71   23.522135   23.621094  0.191406  0.113281
83   23.404948   23.502604  0.001302  0.079427
75   23.752604   23.587240  0.002604  0.058594
79   23.305990   23.341146  0.071615  0.149740
59   23.164062   23.486979  0.011719  0.471354
74   23.268229   23.510417  0.001302  0.345052
59   23.252604   23.335938  0.079427  0.071615
41   23.782552   23.861979  0.070312  0.067708
68   32.285156   32.389323  0.014323  0.042969
91   32.571615   32.661458  0.119792  0.078125
52   32.240885   33.203125  0.078125  0.092448
57   32.279948   32.265625  0.097656  0.089844
74   32.796875   32.756510  0.096354  0.049479
43   32.430990   32.873698  0.114583  0.035156
43   32.421875   32.660156  0.136719  0.154948
40   32.473958   32.665365  0.028646  0.055990
48   32.966146   33.057292  0.006510  0.044271
59   32.744792   33.251302  0.002604  0.190104
35   32.662760   32.886719  0.173177  0.041667
43   32.184896   32.251302  0.002604  0.045573
50   32.425781   32.643229  0.002604  0.200521
48   32.845052   32.893229  0.052083  0.050781
41   33.501302   33.567708  0.001302  0.079427
44   33.488281   33.531250  0.089844  0.078125
81   33.761719   33.611979  0.074219  0.058594
62   33.967448   34.076823  0.011719  0.028646
88   34.428385   34.305990  0.088542  0.052083
38   34.377604   34.098958  0.007812  0.092448
81   34.428385   34.347656  0.093750  0.074219
41   34.042969   34.014323  0.011719  0.044271
27   34.505208   43.552083  0.005208  0.098958
76   43.595052   43.595052  0.083333  0.055990
51   43.483073   43.485677  0.007812  0.039062
84   43.858073   43.904948  0.080729  0.062500
47   43.183594   43.147135  0.001302  0.039062
47   43.149740   43.221354  0.130208  0.078125
55   43.470052   43.769531  0.001302  0.946615
84   43.576823   43.657552  0.010417  0.050781
70   43.847656   43.942708  0.128906  0.115885
84   43.924479   43.976562  0.013021  0.045573
50   43.757812   43.776042  0.111979  0.058594
84   44.057292   44.061198  0.058594  0.089844
47   44.550781   44.490885  0.196615  0.048177
43   44.600260   44.549479  0.000000  0.072917
43   44.579427   44.572917  0.026042  0.091146
44   44.615885   44.604167  0.019531  0.079427
71   44.807292   44.472656  0.136719  0.082031
55   44.736979   44.604167  0.079427  0.040365
39   44.963542   44.888021  0.084635  0.614583
55   44.421875   44.736979  0.451823  0.617188
52   44.884115   44.843750  0.175781  0.170573
54   44.641927   44.618490  0.014323  0.095052
52   44.966146   44.976562  0.106771  0.080729
48   44.486979   44.417969  0.067708  0.089844
65   44.947917   44.923177  0.084635  0.045573
47   44.537760   44.537760  0.088542  0.049479
45   44.694010   44.962240  0.013021  0.059896
67   44.467448   44.540365  0.179688  0.098958
45   44.610677   44.791667  0.014323  0.177083
73   44.524740   44.561198  0.093750  0.072917
52   44.957031   45.057292  0.007812  0.108073
73   44.615885   44.533854  0.099448  0.087240
83   44.558594   44.570312  0.087240  0.115885
74   44.675781   44.518229  0.089844  0.041667
67   44.871094   44.984375  0.058594  0.052083
71   44.794271   44.800781  0.100260  0.083333
50   44.886719   44.829427  0.067708  0.054688
55   44.527344   44.675781  0.001302  0.085938
50   44.873698   44.950521  0.000000  0.121094
71   44.502604   44.541667  0.067708  0.098958
69   44.843750   44.480469  0.062500  0.072917
61   44.688802   44.821615  0.171875  0.082031
58   44.661458   44.649740  0.082031  0.140625
41  440.014323  440.175781  0.006510  0.075521
51  441.789062  441.854167  0.002604  0.045573
48  447.278645  447.326823  0.076823  0.052083
90  447.033854  447.257812  0.033854  0.110677
55  447.798177  447.755208  0.003906  0.050781
53  447.708333  447.647135  0.026042  0.039062
79  447.990885  447.066408  0.019531  0.045573
84  447.716146  447.800781  0.055990  0.041667
43  447.654948  447.648438  0.082031  0.144531
55  447.794271  447.882812  0.027344  0.032552
43  447.731771  447.773438  0.069010  0.050781
50  447.502604  447.674479  0.072917  0.076823
76  447.311198  447.222656  0.013021  0.061198
55  447.082031  447.182292  0.031250  0.108073
81  447.277344  447.528646  0.000000  0.044271
84  447.988281  447.921875  0.000000  3.998698
51  447.355469  447.500000  0.001302  0.802083
52  447.459635  447.875000  0.118490   0.302083
75  447.244792  447.341146  0.007812  0.040365
84  447.028646  447.092448  0.075521  0.040365
50  447.408854  447.480469  0.175781  0.040365
42  447.726562  447.127604  0.449219   0.411458
59  447.792969  447.826823  0.084635   0.179688
68  447.511719  447.747396  0.022135  0.177083
69  447.964844  447.941406  0.119792  0.029948
48  447.511719  447.454427  0.027344  0.037760
43  447.791667  447.690104  0.001302  0.121094
42  447.722656  447.647135  0.078125  0.072917
49  447.989583  448.721354  0.031250   0.410156
64  448.067708  448.303385   0.028646  0.221354
67  448.350260  445.391927   0.191406  0.333333
49  443.688802  443.785156   0.187500  0.157552
76  434.334635  434.346354   0.045573  0.239583
83  434.307292  434.492188   0.083333  0.102865
65  342.631510  342.800781   0.108073  0.117188
78  343.511719  343.829427  0.225260   0.285156
72  343.875000  343.907552  0.207031  0.109375
60  349.302083  349.446615  0.015625  0.041667
57  349.677083  349.701823  0.079427  0.072917
89  349.841146  349.976562  0.091146  0.049479
91  349.709635  349.864583  0.026042  0.105469
80  394.533854  395.276042  0.007812  0.480469
42  349.529948  349.786458  0.087240  0.109375
57  349.911458  349.992188  0.036458  0.117188
74  349.946615  349.962240  0.020833  0.083333
45  394.082031  394.289062  0.001302  0.046875
85  349.678385  349.625000  0.174479  0.029948
47  394.582031  399.580729  0.011719  0.108073
54  394.497396  394.537760  0.083333  0.097656
55  349.889323  349.997396  0.207031  0.101562
81  349.933594  349.938802  0.071615  0.072917
79  349.515625  349.597656  0.000000  0.046875
74  349.914062  349.005208  0.100260  0.055990
91  348.940104  349.040365  0.014323  0.075521
57  394.089844  394.222656  0.000000  0.216146
62  394.231771  394.291667  0.066406  0.109375
48  393.903646  394.395833  0.143229  0.411458
47  394.393229  394.451823  0.015625  0.058594
79  394.731771  394.769531  0.018229  0.079427
50  349.492188  349.380208  0.005208  0.101562
53  349.488281  349.611979  0.096354  0.117188
58  349.798177  349.644531  0.098958  0.075521
46  349.415365  349.466146  0.011719  0.057292
46  349.083333  349.292969  0.000000  0.406250
52  349.091146  349.552000  0.182292   0.611979
57  349.828125  349.901042   0.191406  1.092448
54  394.605469  394.699219   0.151042  0.212240
72  395.052083  395.078125   0.087240  0.096354
57  393.351562  393.391927   0.130208  0.048177
45  393.958333  393.941406   0.007812  0.032552
67  393.580729  393.753906   0.003906  0.171875
45  393.070312  393.126302   0.061198  0.091146
57  393.515625  393.744792   0.031250  0.117188
59  393.464844  393.750000   0.175781  0.360677
70  399.652344  399.394531   0.014323  0.052083
50  399.157552  399.272135   0.011719  0.055990
34  399.441406  399.421875   0.167969  0.147135
76  399.919271  390.079427   0.001302  0.062500
49  399.160156  399.269531   0.152344  0.052083
74  399.217448  390.631510   0.007812  0.191406
57  399.179688  399.342448   0.886510  0.829427
75  399.667969  399.894531   0.376302  0.304688
67  393.143229  393.442708  0.156250   0.218750
72  339.346354  339.489583  0.132812   0.238281
78  339.639323  339.080729  0.199219   0.175781
72  339.285156  339.322917   0.006510  0.035156
69  339.671875  339.720052   0.001302  0.052083
47  339.148438  393.134115   0.065104  0.074219
49  348.049479  348.204427   0.147135  0.199219
69  348.132812  348.299479   0.160156  0.145833
62  349.255208  349.290365   0.113281  0.177083
67  393.407552  393.459635   0.157552  0.179688
52  392.934896  392.989583   0.079427  0.111979
79  393.080729  393.184896   0.144531  0.035156
60  393.648438  393.757812   0.001302  0.119792
59  394.065104  394.071615   0.111979  0.134115
72  349.497396  349.895833  0.410156   0.401042
55  439.346354  439.496094  0.001302  0.286458
75  439.199219  439.334635  0.042969  0.102865
47  439.911458  439.927083  0.093750  0.046875
79  439.860677  439.921875  0.075521  0.194010
71  439.451823  439.414062  0.104167  0.100260
51  439.882812  493.949219  0.061198  0.175781
50  439.026042  439.335938  0.037760  0.033854
59  439.304688  439.393229  0.102865  0.164062
69  439.278646  439.319010  0.009115  0.158854
70  439.755208  440.825521  0.170573  0.067708
53  439.458333  439.522135  0.029948  0.106771
74  439.143229  439.227865  0.001302  0.088542
79  439.376302  439.481771  0.180990  0.148438
56  438.791667  439.167969  0.510417  0.528646
79  439.467448  439.179688  0.020833  4.417969
50  439.972656  443.945312  0.026042  4.074219
83  439.414062  439.722656  1.729167  0.574219
50  448.821615  449.475260  0.234375  0.497396
40  495.345052  459.571615  0.007812  0.089844
78  459.381510  459.463542  0.042969  0.095052
91  459.320312  450.406250  0.079427  0.035156
43  445.968750  447.019531  0.095052  0.079427
85  447.811198  447.947917  0.024740  0.046875
66  447.401042  447.894531  0.050781  0.145833
52  447.561198  447.506510  0.110677  0.046875
36  447.514323  447.459635  0.180990  0.179688
63  447.401042  447.430990  0.022135  0.048177
81  447.501302  447.566406  0.075521  0.040365
83  447.100260  447.154948  0.078125  0.092448
50  447.476562  447.578125  0.102865  0.066406
36  447.548177  447.813802  0.061198  0.582031
67  474.311198  447.463542  0.003906  0.186198
77  447.497396  447.773438  0.083333  0.147135
47  447.273438  447.440104  0.016927  0.934896
57  447.490885  447.867188  0.330729  3.179688
51  449.304688  449.466146  0.118490  0.171875
80  449.118490  449.165365  0.122396  0.100260
83  448.520833  448.648438  0.190104  0.154948
60  448.144531  447.149740  0.011719  0.055990
64  447.750000  447.826823  0.001302  0.057292
59  447.717448  447.802083  0.182292  0.040365
67  447.417969  447.548177  0.006510  0.089844
42  447.779948  444.835938  0.005208  0.329427
40  447.714844  447.859375  0.145833  0.080729
55  447.713542  447.984375  0.003906  0.433594
59  447.731771  447.959635  0.019531  0.261719
60  447.750000  447.779948  0.001302  0.033854
50  447.795573  447.854167  0.078125  0.057292
67  447.807292  447.875000  0.071615  0.052083
79  447.342448  447.403646  0.080729  0.096354
55  474.479167  447.549479  0.009115  0.127604
47  447.527344  447.743490  0.011719  0.100260
47  424.921875  425.049479  0.001302  0.057292
90  425.867188  425.860677  0.005208  0.048177
52  447.079427  474.216146  0.037760  0.097656
41  474.040365  447.080729  0.009115  0.066406
48  474.717448  474.576823  0.072917  0.075521
59  447.710938  447.615885  0.014323  0.115885
69  447.463542  447.472656   0.147135  0.153646
71  447.933594  447.868490   0.138021  0.200521
71  447.437500  447.540365  0.000000  0.078125
86  442.800781  442.894531  0.078125  0.127604
44  442.299479  442.296875  0.042969  0.095052
64  432.515625  432.477865  0.045573  0.059896
59  432.920573  433.046875  0.080729  0.061198
67  431.675781  431.828125  0.000000  0.246094
68  431.433594  431.446615  0.084635  0.070312
52  431.751302  431.727865  0.085938  0.080729
44  341.847656  342.113281  0.020833  0.040365
41  343.291667  343.446615  0.028646  0.152344
57  343.095052  343.169271  0.005208  0.048177
72  343.040365  342.096354  0.045573  0.044271
35  343.441406  343.457031  0.065104  0.100260
57  343.498698  343.544271  0.020833  0.087240
50  343.485677  343.450521  0.001302  0.096354
90  343.796875  343.835938  0.102865  0.096354
54  343.911458  343.980469  0.145833  0.092448
44  343.432292  343.554688  0.002604  0.069010
91  343.937500  344.069010  0.101562  0.031250
45  349.292969  349.321615  0.009115  0.035156
79  349.848958  349.839844  0.007812  0.053385
52  349.910156  349.955729  0.131510  0.078125
88  349.511719  439.423177  0.005208  0.079427
91  349.160156  349.286458  0.002604  0.079427
52  349.752604  349.748698  0.003906  0.046875
75  394.337240  394.397135  0.040365  0.072917
79  395.071615  395.027344  0.045573  0.059896
62  395.371094  395.528646  0.106771  0.071615
75  348.925781  348.966146  0.075521  0.066406
90  348.925781  349.988281  0.096354  0.050781
64  397.410156  397.412760  0.016927  0.045573
42  398.742188  398.708333  0.076823  0.089844
45  398.828125  398.917969  0.122396  0.156250
62  398.787760  398.812500  0.070312  0.075521
77  398.731771  398.776542  0.036458  0.039062
65  398.611979  397.584635  0.015625  0.097656
43  397.826823  397.852865  0.003906  0.061198
44  397.751302  397.856771  0.005208  0.063802
87  397.829427  397.851562  0.000000  0.049479
47  397.946615  398.026042  0.013021  0.096354
71  389.975260  390.019531  0.020833  0.057292
36  398.460938  398.424479  0.014323  0.118490
72  390.875000  390.841146  0.002604  0.054688
43  390.570312  390.720052  0.007812  0.050781
29  398.555990  398.542969  0.002604  0.059896
55  398.763021  398.614583  0.119792  0.078125
71  398.191406  398.212240  0.057292  0.062500
47  398.304688  398.493490  0.080729  0.154948
88  398.179688  398.018229  0.087240  0.080729
69  398.750000  398.759115  0.011719  0.040365
63  398.075521  398.109375  0.005208  0.084635
95  397.861979  397.156250  0.063802  0.105469
84  397.934896  397.942708  0.083333  0.096354
89  348.903646  349.071615  0.011719  0.053385
79  349.170573  394.216156  0.041667  0.074219
76  349.348958  349.513021  0.093750  0.078125
75  349.402344  349.453125  0.143229  0.082031
60  349.151042  349.147135  0.079427  0.061198
58  349.161458  439.217448  0.183594  0.049479
47  439.761719  439.802083  0.067708  0.052083
57  484.791667  484.747396  0.170573  0.052083
36  484.654948  484.709635  0.123698  0.098958
34  484.511719  484.766927  0.014323  0.302083
63  485.170573  485.437500  0.010417  0.210938
64  485.794271  485.809896  0.063802  0.078125
55  486.501302  486.537760  0.006510  0.070312
54  485.177083  485.210938  0.002604  0.044271
64  485.477865  485.506510  0.007812  0.054688
54  485.135417  485.212240  0.002604  0.098958
54  485.174479  485.092146  0.067708  0.029948
57  485.319010  485.272135  0.062500  0.118490
87  485.299479  485.294271  0.011719  0.049479
52  485.996094  486.040365  0.006510  0.096354
55  485.661458  485.795573  0.063802  0.039062
47  485.598958  486.005208  0.130208  0.197917
48  485.683594  485.786458  0.005208  0.537760
52  359.221354  359.421875  0.001302  0.042969
50  348.684896  348.651042  0.000000  0.035156
93  359.438802  359.569010  0.002604  0.037760
36  359.019531  359.141927  0.015625  0.022135
68  359.925781  351.070312  0.005208  0.055990
41  359.115885  359.171875  0.058594  0.054688
59  359.218750  359.471354  0.015625  0.057812
45  359.882812  359.919271  0.048177  0.088542
77  358.962240  359.052083  0.007812  0.087240
79  348.640625  348.651042  0.066406  0.061198
48  348.169271  347.277344  0.125000  0.084635
9   54.368490   54.416667  0.005208  0.041667
48   54.276042   54.453125  0.102865  0.173177
75  250.688802  250.842448  0.007812  0.045573
57  250.552083  250.675781  0.055990  0.057292
47  255.214844  255.412760  0.014323  0.050781
45  256.481771  256.509115  2.079427  0.071615
50  257.093750  257.154948  0.003906   0.083333
35  256.382812  256.410156   0.001302  0.036458
66  257.178385  275.281250   0.476562  0.119792
57  257.738281  257.889323   0.010417  0.022135
66  257.929688  257.936198   0.089844  0.027344
49  275.980469  275.194010   0.000000  0.037760
84  275.164062  275.231771   0.014323  0.033854
57  274.515625  274.450521   0.117188  0.140625
68  274.095052  274.162760   0.225260  0.203125
59  272.484375  272.582031   0.187500  0.032552
64  274.113281  274.128906   0.003906  0.039062
89  273.216146  273.257812   0.002604  0.072917
64  272.626302  272.781250  0.119792   0.101562
69  227.458333  227.542969  0.167969  0.131510
76  227.561198  227.761719  0.069010  0.095052
71  272.872396  272.958333  0.001302  0.225260
69  272.911458  273.158854  0.089844  0.069010
46  272.751302  272.835938  0.048177  0.068802
36  277.891927  277.993490  0.126302  0.096354
43  277.777344  277.878906  0.096354  0.087240
57  277.934896  278.022135  0.007812  0.105469
55  278.316406  277.481771  0.089844  0.093750
81  277.552083  277.722656  0.197917  0.084635
72  277.766927  277.841146  0.106771  0.087240
86  277.959635  277.989583  0.184896  0.040365
74  277.795573  277.860677  0.005208  0.041667
45  277.947917  277.949219  0.011719  0.069010
55  277.890625  277.989583  0.135417  0.231771
47  277.966146  277.971354  0.069010  0.058594
45  277.998698  278.118490  0.111979  0.114583
57  277.761719  277.591146  0.118490  0.044271
49  277.920573  277.990885  0.083333  0.050781
40  277.790365  277.798177  0.101562  0.123698
77  277.867188  277.825521  0.069010  0.040365
62  277.977865  277.928385  0.091146  0.050781
48  277.778646  277.471354  0.035156  0.080729
72  277.574219  277.307292  0.097656  0.065104
64  277.766927  277.826823  0.013021  0.040365
41  277.882812  277.828125  0.027344   0.179688
67  277.000000  277.105469   0.093750  0.023438
71  277.777344  277.769531   0.201823  0.062500
50  277.412760  277.423177  0.005208   0.128906
47  276.470052  276.536458   0.011719  0.153646
57  277.501302  277.550781   0.001302  0.075521
52  277.501302  277.687500   0.026042  0.087240
62  277.731771  277.894531   0.041667  0.046875
71  277.714844  277.753906   0.010417  0.063802
52  277.901042  277.972656   0.031250  0.089844
57  277.511719  277.630208   0.000000  0.195312
73  277.002604  277.065104   0.001302  0.001302
64  277.924479  277.975260   0.006510  0.079427
64  277.761719  277.970052  0.093750   0.101562
44  277.725260  277.598958   0.001302  0.033854
68  277.959635  277.790365   0.011719  0.454427
67  277.897135  277.985677   0.001302  0.001302
61  278.169271  278.322917  0.115885   0.162760
64  277.901042  277.901042  0.113281   0.027344
64  278.071615  278.139323   0.002604  0.070312
81  277.742188  277.591146   0.001302  0.037760
62  277.470052  277.537760   0.199219  0.054688
52  277.876302  277.970052   0.020833  0.046875
62  277.897135  277.860677   0.212240  0.049479
59  277.826823  277.710938   0.200521  0.052083
31  277.867188  277.938802   0.002604  0.074219
35  277.157552  277.178385   0.062500  0.037760
79  272.157552  272.281250  0.196615   0.131802
55  272.259115  272.346354  0.046875  0.102865
76  272.502604  272.541667  0.069010  0.096354
81  272.218750  272.240885  0.028646  0.123698
70  272.250000  272.341146  0.109375  0.055990
71  272.640625  272.588542  0.000000  0.080729
64  277.255208  277.311198  0.001302  0.042969
62  277.122396  277.248698  0.027344  0.108073
37  277.031250  277.128906  0.011719  0.067708
67  277.736979  277.660156  0.018229  0.048177
68  277.867188  277.842448  0.109375  0.108073
78  277.817708  277.731771  0.002604  0.083333
65  277.890625  277.901042  0.075521  0.087240
47  277.915365  277.305990  0.209635  0.240885
59  277.632812  277.386719  0.0130