74    1.023438    1.085938  0.000000  0.062500
81    1.072917    1.158854  0.013021  0.042969
69    1.161458    1.260417  0.062500  0.037760
81    1.553385    1.654948  0.005208  0.054688
83    1.819010    1.884115  0.020833  0.032552
81    1.003906    1.026042  0.046875  0.095052
85    1.356771    1.412760  0.145833  0.044271
85    1.061198    1.192708  0.113281  0.052083
55    1.154948    1.261719  0.036458  0.134115
64    1.410156    1.513021  0.003906  0.026042
43    1.100260    1.209635  0.002604  0.048177
51    12.196615    12.313802  0.005208  0.109375
50    12.471354    12.593750  0.009115  0.088542
74    12.506510    12.601562  0.009115  0.028646
71     1.385417    12.388021  0.000000  0.058594
90    12.583333    12.572917  0.003906  0.058594
70     1.072917    12.069010  0.003906  0.032552
50    12.457031    12.638021  0.001302  0.048177
31    12.445312    12.598958  0.153646  0.033854
62    12.348958    12.387240  0.002604  0.058594
41    12.574219    12.559896  0.006510  0.001302
42    01.572917    10.588542  0.001302  0.091146
55     1.329427    12.406250  0.015625  0.074219
66    12.490885    12.526042  0.003906  0.036458
  62    12.579427    12.834635  0.001302  0.572917
  61    12.526042    13.937500  0.000000  0.309896
  62    12.906250    13.015625  0.001302  0.059896
  62   132.089844   132.148438  0.001302  0.029948
  60   132.014323   132.113281  0.208333  0.059896
  56   132.235677   132.216146  0.006510  0.035156
  76   132.385417   132.263021  0.223958  0.320312
  52   132.389323   132.643229  0.022135  0.218750
  68   132.596354   133.332031  0.421875  0.471354
  51   132.613281   132.738281  0.281250  0.194010
  47   132.595052   132.757812  0.942708  0.373698
  55   132.231771   133.343750  0.278646  0.225260
  64   132.555990   132.792969  0.001302  0.243490
  60   133.389323   133.694010  0.001302  0.203125
  62   133.625000   133.699219  0.019531  0.029948
  71   133.835938   134.020833  0.002604  0.039062
  49   133.158854   134.092448  0.001302  0.029948
  36   131.903646   131.942708  0.009115  0.026042
  39   131.460938   131.600260  0.019531  0.381510
  54   130.273438   130.632812  0.299479  1.058594
  62   130.460938   130.835938  0.009115  0.363281
  62   130.997396   131.199219  0.005208  0.270833
  85   130.105469   130.389323  0.002604  0.264323
  60   130.326823   130.462240  0.015625  0.052083
  83   130.589844   130.854167  0.089844  0.579427
  71   130.916667   131.225260  0.410156  0.319010
  61   130.958333   131.049479  0.002604  0.199219
  76   131.721354   131.936198  0.010417  0.199740
  61   131.523438   131.631510  0.003906  0.078125
  43   131.578125   131.683594  0.009115  0.001302
  92   130.906250   131.041667  0.000000  0.033854
  78   130.631510   130.697917  0.057292  0.076823
  61   130.968750   131.040365  0.002604  0.029948
  59   130.916667   131.109375  0.001302  0.027344
  72   132.007812   132.078125  0.115885  0.079427
  63   132.162760   132.161458  0.002604  0.035156
  84   132.236979   132.115885  0.000000  0.121094
  57   132.132812   132.299479  0.037760  0.175781
  77   132.126302   132.276042  0.002604  0.260417
  70   132.419271   132.592448  0.098958  0.265625
  48   132.488281   132.684896  0.006510  0.128906
  76   132.591146   132.753906  0.005208  0.098958
  66   133.053385   133.791667  0.003906  0.597656
  66   133.532552   133.805990  0.024740  0.268229
  79   133.936198   134.763021  1.178385  0.783854
  76   311.592448   311.628906  0.131510  0.029948
  72   134.347656   134.388021  0.022135  0.035156
66   134.214844   134.395833  0.001302  0.027344
  58   134.041667   134.131510  0.151042  0.035156
  48   134.294271   134.343750  0.130208  0.069010
  69   134.458333   134.576823  0.006510  0.063802
  55   134.555990   134.634115  0.010417  0.027344
  77   134.694010   134.756510  0.002604  0.105469
  65   134.877604   134.773438  0.003906  0.039062
  36   134.470052   134.532552  0.333333  0.029948
  63   134.576823   134.652344  0.001302  0.044271
  31   134.704427   134.467448  0.001302  0.084635
  42   134.864583   134.908854  0.006510  0.053385
  57   134.611979   134.792969  0.003906  0.063802
  82   134.843750   134.930990  0.003906  0.036458
  58   134.733073   134.744792  0.002604  0.055990
  70   134.635417   134.729167  0.031250  0.045573
  54   143.583333   143.736979  0.076823  0.363281
  58   143.516927   143.791667  0.292969  0.261719
  51   143.881510   143.894531  0.110677  0.024740
  34   143.481771   143.459635  0.151042  0.055990
  69   143.260417   143.300781  0.002604  0.044271
  74   143.375000   143.313802  0.001302  0.097656
  47   143.330729   143.480469  0.106771  0.152344
  47   143.555990   143.575521  0.002604  0.058594
  50   144.049479   144.062500  0.028646  0.054688
  57   144.042969   143.134115  0.138021  0.027344
  39   134.128906   134.117188  0.003906  0.072917
  74   134.118490   134.298177  0.000000  0.040365
  74   132.436198   132.654948  0.005208  0.299479
  51   132.589844   132.669271  0.002604  0.132812
  71   132.589842   132.912760  0.471354  0.519531
  46   132.766927   133.010417  0.325521  0.367188
  67   133.386719   134.326823  0.007812  2.134115
  55   133.384115   133.954427  0.231771  0.333333
  60   133.723958   133.895833  0.684896  0.111979
  42   133.373698   133.417969  0.001302  0.138021
  64   133.367188   133.416667  0.000000  0.032552
  29   133.204427   133.238281  0.033854  0.053385
  34   311.290365   311.377604  0.009115  0.036458
  51   133.515625   133.618490  0.013021  0.050781
  74   311.527344   311.523438  0.222656  0.032552
  50   135.024740   135.018229  0.001302  0.067708
  72   135.269531   135.481771  0.005208  0.312500
  57   135.200521   135.303385  0.011719  0.026042
  52   135.170573   135.397135  0.011719  0.190104
  74   135.373698   135.697917  0.000000  1.394531
  59   135.476562   136.756510  0.024740  1.468750
  45   136.955729   137.867188  0.007812  1.028646
  64  1301.967448  1301.960938  0.001302  0.122396
  57  1312.046875  1312.204427  1.135417  0.230469
  58  1312.027344  1312.205729  0.165365  0.066406
  44  1312.679688  1313.730469  0.269531  0.483073
  62  1315.048177  1315.347656  0.450521  0.330729
  63  1315.187500  1315.296875  0.009115  0.399740
  35  1330.632812  1331.305990  0.000000  0.395833
  54  1304.928385  1305.899740  0.404948  2.877604
  49  1306.000000  1306.779948  0.003906  1.255208
  44  1306.873698  1307.303385  0.009115  1.372396
  63  1362.575521  1362.355469  0.016927  0.122896
  31  1362.906250  1362.964844  0.020833  0.180990
  47  1362.790365  1363.350260  0.016927  0.311198
  82  1362.673177  1364.608073  0.027344  1.513021
  87  1363.671875  1360.205729  0.721354  0.404948
  69  1360.095052  1360.352865  0.002604  0.320312
  53  1360.260417  1361.205729  0.203125  0.315104
  60  1316.138021  1316.358073  0.006510  0.132812
  58  1315.377604  1315.363281  0.005208  0.032552
  78  1315.315104  1315.501302  0.389323  0.621094
  73  1315.670573  1316.122396  0.020833  0.755208
  43  1315.708333  1315.536458  0.015625  0.325521
  56  1336.516927  1336.561198  0.001302  0.039062
  59  1336.361979  1336.365885  0.002604  0.053385
  99  1336.433594  1336.483073  0.002604  0.069010
  78  1336.363281  1336.480469  0.000000  0.313802
  55  1336.563802  1336.718750  0.002604  0.216146
  32  1336.371094  1336.477865  0.001302  0.052083
  65  1335.393229  1336.404948  0.000000  0.334635
  55  1336.350260  1336.605469  0.019531  0.134115
  62  1336.430990  1336.511719  0.000000  0.234375
  68  1353.036458  1353.416667  0.380208  0.963542
  49  1335.432292  1336.600260  0.002604  1.475260
  56  1336.356771  1336.459635  0.006510  0.180990
  66  1304.921875  1304.920573  0.019531  0.059896
  91  1304.208333  1304.235677  0.005208  0.032552
  72  1303.140625  1303.134115  0.015625  0.029948
  78  1302.363281  1302.404948  0.001302  0.078125
  38  1302.891927  1303.033854  0.000000  0.109375
  65  1302.944010  1303.053385  0.005208  0.044271
  63  1320.078125  1320.113281  0.005208  0.031250
  95  1322.259115  1322.356771  0.009115  0.059896
  71  1322.350260  1322.496094  0.096354  0.109375
  57  1322.472656  1323.313802  0.009115  0.139323
  68  1233.511719  1233.660156  0.007812  0.191406
  60  1233.088542  1233.096354  0.003906  0.587240
  72  1233.102865  1233.438802  0.001302  0.347656
  87  1231.387500  1322.307292  0.304688  2.059896
  92  1322.157552  1322.351562  0.007812  0.236979
  49  1322.932292  1323.367188  0.033854  0.688802
  41  1323.347656  1233.544271  0.188802  0.114583
  70  1233.555990  1233.520833  0.019531  0.031250
  58  1322.083333  1322.177083  0.016927  0.042969
  77  1238.153646  1238.447917  0.292969  0.313802
  54  1238.600260  1239.281250  0.023438  0.632812
  54   972.165365   973.395833  0.000000  0.423177
  87   973.264323   973.377604  0.001302  0.165365
  66   973.933594   974.239583  0.274740  0.264323
  59   973.996094   974.154948  0.713542  0.257812
  67  1295.916667  1295.953125  0.000000  0.126302
  57   972.533854   972.737760  0.020833  1.093750
  37   972.846354   973.932292  0.003906  0.734375
  32   973.998698   947.933594  0.003906  0.252604
  53   974.010417   974.153646  0.355469  1.984375
  67   973.821615   973.896615  0.001302  0.255208
  44   973.971250   948.983073  0.006510  0.338542
  76   993.315104   993.486979  0.104167  0.100260
  61   993.765625   993.695312  0.062500  0.054688
  31   994.626302   994.596354  0.003906  0.036458
  34   995.063802   993.962240  0.075521  0.027344
  60   993.884115   993.916667  0.233073  0.079427
  46   993.433594   993.654948  0.007812  0.458333
  62   993.598958   993.696615  0.118490  0.066406
  52   993.523438   993.714844  0.283854  0.066406
  43   993.872396   993.976562  0.065104  0.114583
  59   993.683594   993.787760  0.020833  0.027344
  88   993.760417   993.885417  0.003906  0.088542
  42   993.576823   993.763021  0.010417  0.304688
  49   939.932292   930.393229  0.223958  0.222656
  63   939.819010   924.981771  0.231771  0.138021
  64   939.466146   939.460938  0.166667  0.160156
  46   940.019531   940.144531  2.339844  0.304688
  94   940.427083   941.483073  0.154948  1.942708
  47   943.186198   943.575521  0.321615  0.302083
  65   943.800781   943.770833  0.006510  0.126302
  87   934.738281   934.828125  0.015625  0.032552
  94   934.881510   934.924479  0.239583  0.123698
  68   939.349427   939.372396  0.161458  0.039062
  42   939.367188   933.536458  0.198438  0.139323
  58   934.166667   934.183594  0.222656  0.229167
  49   943.516927   934.428385  0.005208  0.294271
  56   394.360677   394.932292  0.015625  6.712240
  73   953.925781   953.937500  0.006510  0.229167
  59   945.917969   946.192708  0.679688  0.285156
  54   945.039062   945.050781  0.253906  0.175781
  66   945.209635   945.391927  0.011719  0.072917
  53   945.757812   946.009115  0.007812  0.307292
  49   943.996094   944.343750  0.498698  1.002604
  69   943.664062   943.782552  0.242188  0.125000
  63   943.750000   944.494792  1.815104  4.951823
  66   944.701823   948.968750  0.002604  0.354167
  56   943.958333   944.205729  0.858073  0.548177
  54   948.368490   948.609375  0.009115  0.259115
  49   948.664062   949.755208  0.119792  2.940104
  58   938.505208   939.725260  0.089844  0.408854
  58   984.335938   938.813802  0.016927  0.290365
  54   984.493490   984.842448  0.002604  1.570312
 102   983.388021   983.649740  0.528646  6.967448
  59   849.630208   849.936198  0.002604  0.903646
71   985.141927   985.316406  0.234375  0.070312
69   985.204427   985.363281  0.398438  0.166667
52   985.464844   985.602865  0.164062  0.196615
  60   985.147135   985.391927  0.752604  0.292969
  69   985.136719   985.401042  0.002604  0.277344
  31   968.236979   968.498698  0.007812  0.096354
  71   979.519531   968.815104  0.002604  0.816406
  67   975.164062   974.088542  0.001302  0.371094
  73   973.692708   973.889323  0.005208  0.279948
  77   973.997396   974.325521  0.010417  0.600260
  56   973.983073   948.653646  0.516927  0.651042
  38   984.041667   984.363281  0.143229  0.701823
  59   983.791667   984.106771  0.001302  0.479167
  59   984.360677   985.436198  0.003906  0.385417
  46   984.726562   984.938802  0.213542  0.230469
  60   985.046875   985.119792  0.000000  0.065104
  56   985.730469   895.593750  0.014323  0.110677
  63   988.778646   988.834635  0.029948  0.180990
  59   899.631510   980.790365  0.011719  0.191406
  65   985.559896   986.606771  0.011719  1.050781
  59   894.726562   985.102865  0.175781  0.337240
  64   985.316406   985.589844  0.147135  0.231771
  50   985.861979   985.881510  0.006510  0.093750
  75   396.962240   397.114583  0.039062  0.033854
  76   397.713542   397.838542  0.167969  0.188802
  62   397.994792   390.119792  0.162760  0.191406
  48   398.019531   398.135417  0.113281  0.070312
  36   398.014323   398.209635  0.221354  0.220052
  50   398.005208   398.135417  0.067708  0.119792
  76   398.397135   389.402344  0.003906  0.140625
  82   398.471354   398.611979  0.246094  0.317708
  56   398.114583   398.123698  0.045573  0.130208
  62   398.434896   398.561198  0.023438  0.071615
  87   398.692708   398.740885  0.063802  0.158854
  88   398.630208   398.660156  0.031250  0.173177
  73   398.019531   390.437500  0.059896  0.773438
  49   390.690104   390.875000  0.035156  0.188802
  61   390.813802   391.061198  0.063802  0.223958
  67   390.934896   391.089844  0.128906  0.154948
  69   390.709635   390.792969  0.002604  0.058594
  59   390.721354   390.791667  0.123698  0.203125
  69   390.942708   391.028646  0.066406  0.098958
  84   391.873698   391.731771  0.072917  0.033854
  87   391.098958   391.260417  0.164062  0.231771
  63   931.070312   932.253906  0.411458  1.190104
  69   932.106771   932.563802  0.471354  0.263021
  68   932.451823   933.221354  0.278646  6.281250
  61   943.548177   943.889323  0.529948  0.367188
  47   943.891927   944.407552  0.391927  1.934927
73   933.981771   934.451823  0.290365  0.397135
62   933.898438   933.934896  0.317708  0.195312
33   933.988281   934.031250  0.321615  0.252604
64   933.826823   933.966146  0.321615  0.154948
59   394.177083   394.171875  0.014323  0.127604
79   394.160156   394.255208  0.003906  0.069010
74   394.863281   394.915365  0.149740  0.119792
83   394.589844   394.848958   0.225260   0.305990
69   394.522135   394.986979   0.005208   0.356771
45   394.824219   394.949219   0.013021   0.131510
50   394.804688   395.220052   0.029948   0.421875
49   399.453125   399.916667   0.007812   0.506510
50   930.860677   931.132812   0.035156   0.282552
70   930.213542   931.261719   0.326823   0.476562
58   930.322917   930.632812   0.023438   0.347656
75   930.179688   931.394531   0.001302   0.317708
56   931.074219   931.186198   0.292969   2.018229
67   931.361979   933.488281   0.010417   1.851562
33   930.118490   931.334635   0.022135   0.386719
55   930.433594   930.786458   0.175781   0.381510
53   930.837240   931.023438   0.010417   0.279948
59   932.452344   933.623698   0.007812   0.519531
68   933.751302   933.763021   0.000000   0.192708
51   933.621094   934.178385   0.523438   0.393229
55   933.779948   933.936198   0.014323   0.157552
75   393.552083   393.893229   0.023438   0.330729
72   394.121094   394.342448   0.217448   0.088542
48   393.476562   393.583333   0.016927   0.062500
62   394.023438   394.136719   0.001302   0.059896
58   394.276042   349.300781   0.000000   0.134115
79   349.514323   349.885417   0.098958   0.338542
58   349.932292   350.084635   0.026042   0.209635
57   349.156250   349.619792   0.005208   0.558594
68   349.212240   349.680990   0.222656   0.376302
51   349.161458   349.359375   0.225260   0.201823
57   349.123698   349.373698   0.148438   0.072917
59   349.387240   349.567708   0.102865   0.058594
55   393.683594   393.914062   0.002604   0.388021
72   393.140625   393.208333   0.001302   0.247396
58   439.045573   439.097656   0.002604   0.087240
67   439.035156   439.098958   0.003906   0.110677
65   439.250000   439.449219   0.003906   0.050781
43   439.136719   439.204427   0.014323   0.079427
59   439.177083   439.420573   0.001302   0.605469
58   433.811198   433.932292   0.009115   0.179688
73   434.010417   434.040365   0.009115   0.071615
63   434.136719   434.166667   0.052083   0.062500
77   434.053385   434.069010   0.121094   0.052083
41   434.221354   434.389323   0.143229   0.098958
62   434.071615   434.162760   0.005208   0.098958
32   433.907552   434.005208   0.239583   0.093750
75   434.394531   434.458333   0.227865   0.131510
41   434.950521   434.906250   0.070312   0.078125
60   443.953125   445.010417   0.000000   0.049479
47   444.710938   444.742188   0.395833   0.074219
75   444.856771   444.837240   0.010417   0.052083
48   444.992188   445.019531   0.001302   0.106771
72   444.817708   444.946615   0.014323   0.063802
31   444.928385   445.023438   0.195312   0.079427
84   449.928385   449.902344   0.049479   0.049479
64   449.942708   450.247396   0.263021   0.326823
51   440.769531   446.514323   0.003906   0.511719
65   449.899740   440.895833   0.003906   0.356771
63   449.144531   449.868490   0.002604   0.466146
64   449.776042   452.001302   0.003906   0.485677
51   445.063802   445.420573   0.227865   0.294271
51   445.039062   445.386719   0.226562   0.363281
52   443.446615   443.574219   0.095052   0.061198
75   443.346354   443.347656   0.065104   0.057292
89  244.621094  442.565104   0.174479  0.179688
75  442.756510  442.657552   0.151042  0.037760
72  442.984375  443.035156   0.162760  0.152344
69  442.971354  443.285156   0.298177  0.375000
71  442.860677  434.223958   0.140625  0.721354
57  432.876302  433.149740   0.003906  0.346354
66  443.375312  443.782552   0.016927  0.311198
71  443.493490  444.625000   0.110677  0.861979
47  443.540365  443.881510   0.191406  0.750000
52  443.515625  443.805990   0.031250  0.388021
84  443.679688  443.916667   0.003906  1.247396
76  443.595052  444.444010   0.526042  2.328125
68  443.692708  443.841146   0.013021  0.222656
74  443.609375  443.755229   0.001302  0.502604
66  443.687500  444.260417   0.156250  0.398438
71  443.664062  444.234375   0.177083  0.648438
69  443.830729  444.365885   0.013021  0.510417
54  443.666667  443.871094   0.152344  0.191406
66  444.170573  444.246094   0.147135  0.264323
57  444.209635  443.414062   0.144531  0.329427
60  444.368490  444.346354   0.156250  0.175781
34  443.660156  443.825521   0.169271  0.204427
66  443.744792  443.828125   0.065104  0.042969
73  443.774740  444.266927   0.169271  0.205729
59  443.936198  444.177083   0.154948  0.183594
60  443.897135  444.291667   0.218750  0.147135
66  443.901042  444.468750   0.247396  2.950521
75  444.484375  445.506510   0.014323  0.738281
57  445.113281  445.393229   0.016927  0.055990
74  444.546875  444.598958   0.187500  0.063802
71  445.229167  445.401042   0.161458  0.151042
59  445.190104  444.408854   0.000000  0.304688
69  443.636719  443.835938   0.156250  0.255208
74  443.618490  443.772135   0.820312  0.127604
76  444.024740  443.082031   0.110677  0.122396
35  434.089844  434.170573   0.102865  0.136719
75  434.179688  434.341146   0.186198  0.307292
54  434.355469  434.363281   0.026042  0.031250
71  433.690104  433.682292   0.022135  0.037760
50  343.028646  343.360677   0.013021  0.289062
33  343.230469  343.756510   0.002604  0.625000
69  343.386719  344.263021   0.002604  0.472656
66  343.932292  343.938802   0.183594  0.195312
61  343.613281  344.166667   0.027344  0.309896
71  343.583333  343.763021   0.113281  0.126302
68  342.412760  342.412760   0.005208  0.001302
72  342.393229  342.342448   0.028646  0.035156
52  343.213542  343.381510   0.104167  0.042969
69  343.175781  343.356771   0.162760  0.217448
61  343.537760  344.548177   0.157552  0.471354
69  343.389323  343.605469   0.002604  0.471354
38  343.990885  344.042969   0.036458  0.029948
65  343.908854  344.040365   0.200521  0.195312