74    1.023438    1.085938  0.000000  0.062500
59    1.704427    1.841146  0.074219  0.104167
56    1.514323    1.575521  0.153646  0.075521
61    1.542969    1.509115  0.001302  0.070312
84    1.665365    1.772135  0.003906  0.032552
81    1.730469    1.803385  0.001302  0.045573
79    1.677083    1.669271  0.089844  0.035156
75    1.779948    1.841146  0.218750  0.079427
71    1.678385    1.678385  0.070312  0.055990
77     1.640625     1.507812  0.065104  0.040365
69     1.736979     1.803385  0.006510  0.134115
81     1.911458     2.076823  0.002604  0.055990
70     0.986979     0.955729  0.000000  0.036458
57     8.223958     8.321615  0.007812  0.049479
  74    82.134115    82.212240  0.000000  0.144531
  83    82.233073    82.407552  0.000000  0.244792
  72    82.180288    82.606771  0.403646  1.220052
  37    73.380208    74.050781  0.006510  0.321615
  62   286.462240   286.562500  0.207031  0.071615
  58   286.725260   286.867188  0.003906  0.130208
  58   730.854167   731.078125  0.218750  0.161458
  78   732.789062   732.946615  0.003906  0.125000
  44   732.891927   732.997396  0.311198  0.104167
  63   733.062500   733.414062  0.013021  0.532552
  85   733.884115   734.287760  0.006510  0.303385
  62   733.981771   735.489664  0.005208  1.075521
  99   738.144531   734.217448  0.114583  1.045573
  85   733.139323   733.549479  0.001302  0.907552
69   733.105469   733.455729  0.001302  0.279948
82   733.115885   733.290365  0.015625  0.158854
67   732.464844   732.614583  0.201823  0.187500
36   733.084635   735.248698  0.005208  0.395833
  39   723.604167   723.977865  0.003906  0.276042
  78   732.295573   733.312500  0.000000  0.281250
  49   732.809896   733.053385  0.817708  0.200521
  38   733.273438   733.743490  0.002604  0.501302
  58   732.779948   732.996094  0.018229  0.170573
  61   733.212240   733.401042  0.321615  0.144531
  37   733.169271   733.416667  0.057292  0.093750
  73   733.283854   733.466146  0.055990  0.111979
  56  1238.384115  1238.484375  0.023438  0.059896
  74  1328.325521  1332.412760  0.001302  0.031250
  70  1323.933594  1323.985677  0.087240  0.037760
  80  1332.838542  1334.259115  3.723958  1.371094
  63   936.360677   936.524740  0.343750  0.185938
  55   936.416667   936.742188  0.395833  0.210938
  54   936.576823   936.865885  0.282552  0.368490
  59   935.367188   935.774740  0.001302  0.302083
  68   935.352865   935.501302  0.015625  0.180990
  59   935.687500   935.894531  0.164062  0.192708
  69   984.527344   958.562500  0.005208  0.135417
  89   953.768229   954.042969  0.029948  1.055990
  63   953.828125   955.250000  0.240885  1.947917
  85   953.778646   953.800781  0.273438  0.213542
  58   953.946615   953.854167  0.007812  0.230469
  57   953.557292   953.518229  0.052083  0.045573
  68   953.946615   953.946615  0.029948  0.069010
  76   953.826823   954.046875  0.518229  0.182292
  88   953.886719   953.968750  0.239583  0.187500
63   954.968750   956.048177  0.046875  0.144531
45   495.706621   496.010417  0.002604  0.320312
57   495.614583   496.238281  0.177083  0.438802
84   495.774740   496.398438  0.015625  0.451823
68   495.992188   496.296875  0.003906  0.380208
58   495.661458   495.774740  0.019531  0.298177
70   495.453125   495.760417  0.104167  0.287760
50   495.770833   496.002604  0.000000  0.152344
78   495.597656   495.682292  0.010417  0.055990
70   495.735677   495.914062  0.385417  0.320312
74   495.477865   495.584635  0.072917  0.119792
72   495.647135   494.796875  0.123698  0.102865
42   495.673177   495.764323  0.001302  0.083333
89   495.674479   496.009115  0.395833  0.411458
  69   495.661458   449.878906  0.880208  0.308594
  35   495.792969   496.035156  0.033854  0.072917
  66   499.625000   499.750000  0.007812  0.125000
  60   496.875000   496.933594  0.001302  0.072917
  65   496.985677   491.984375  0.158854  0.024740
  88   491.444010   491.549479  0.078125  0.065104
  82   496.412760   496.493490  0.032552  0.164062
  84   464.985677   465.072917  0.000000  0.127604
  36   463.981771   465.177083  0.016927  0.143229
  62   463.891927   464.279948  0.001302  0.358073
  65   464.007812   464.184896  0.083333  0.089844
  56   464.733073   465.171875  0.037760  0.184896
  88   464.773438   466.145833  0.001302  0.315104
  53   464.787760   644.964844  0.003906  0.223958
  69   466.360677   466.449219  0.009115  0.067708
  66   466.488281   466.468750  0.079427  0.052083
  81   466.501302   466.617188  0.000000  0.049479
  86   466.140625   466.205729  0.052083  0.085938
  80   466.282552   466.384115  0.046875  0.080729
  36   466.378906   466.398438  0.078125  0.084635
  44   466.265625   466.407552  0.125000  0.114583
  58   466.355469   466.442708  0.002604  0.061198
  59  1405.826823  1405.871094  0.001302  0.080729
  60  1463.475260  1466.665365  0.411458  1.375000
  61  1463.531250  1466.677083  0.305990  0.320312
  67  1460.157552  1460.325521  0.003906  0.712240
  81  1460.110677  1460.165365  0.024740  0.235677
  75  1145.626302  1145.662760  0.071615  0.055990
  95  1145.683594  1145.670573  0.001302  0.041667
  90  1461.033854  1466.221354  0.002604  0.281250
  58  1461.114583  1461.494792  0.002604  0.330729
  86  1145.931901  1145.928385  0.087240  0.079427
  78  1144.871094  1144.955729  0.002604  0.102865
  87  1144.930990  1144.967448  0.000000  0.087240
  68  1415.796875  1415.886719  0.092448  0.126302
  50  1460.343750  1460.582031  0.070312  0.253906
  49  1406.649740  1406.789062  0.145833  0.151042
  79  1145.563802  1145.738281  0.027344  1.355469
  88  1461.580729  1461.744792  0.079427  0.209635
50  1146.533854  1147.618490  0.367188  3.214844
57  1141.794271  1142.354167  0.006510  1.243490
68  1142.105469  1143.177083  0.000000  3.321615
81  1140.145833  1145.502604  0.200521  0.421875
66  1144.354167  1145.287760  0.010417  0.774740
70  1416.151042  1416.755208  0.015625  0.289062
  74  1461.257812  146.375000  0.001302  0.289062
70  146.294271  147.057292  0.020833  0.184896
51  146.111979  146.274740  0.078125  0.074219
61  146.194010  146.171875  0.059896  0.074219
82  146.399740  146.390625  0.033021  0.055990
40  146.084635  146.130208  0.111979  0.098958
84  141.708333  141.825521  0.095052  0.024740
38  141.799479  141.802083  0.063802  0.098958
41  141.738281  141.829427  0.007812  0.029948
85  141.729167  141.772135  0.080729  0.054688
86  141.945312  141.967448  0.071615  0.041667
87  142.055990  142.161458  0.005208  0.027344
53  142.233073  142.347656  0.010417  0.098958
84  142.425781  142.373698  0.067708  0.040365
72  142.553385  142.876302  0.001302  0.393229
69  142.519531  142.537760  0.003906  0.109375
40  141.897135  142.031250  0.001302  0.158854
55  141.921875  141.993490  0.126302  0.044271
60  141.963542  142.001302  0.010417  0.048177
33  141.901042  141.928385  0.143229  0.055990
55  142.036458  142.147135  0.139323  0.117188
85  142.184896  142.221354  0.016927  0.177083
76  142.346354  142.467448  0.010417  0.049479
43  142.358073  142.428385  0.092448  0.052083
57  142.311198  142.441406  0.003906  0.075521
62  142.420573  142.432292  0.144531  0.033854
75  142.707031  142.834635  0.003906  0.045573
39  142.712240  142.720052  0.097656  0.105469
61  142.736979  142.627604  0.019531  0.049479
67  142.928385  143.052083  0.217448  0.122396
50  142.778646  143.834635  0.005208  0.519531
66  142.942708  143.170573  0.036458  0.273438
38  142.993490  143.260417  0.244792  0.321615
78  410.298177  410.509115  0.040365  0.183594
51  410.675781  410.826823  0.095052  0.100260
73  144.072917  144.118490  0.000000  0.052083
67  419.445312  419.571615  0.057292  0.058594
33  419.627604  419.611979  0.083333  0.072917
73  419.766927  419.740885  0.007812  0.075521
50  419.805990  401.968750  0.075521  0.087240
78  418.959635  419.005208  0.027344  0.033854
88  419.963542  419.967448  0.050781  0.088542
67  419.971354  419.986979  0.011719  0.031250
48  419.950521  420.955729  0.082031  0.130208
86  418.865885  418.907552  0.182292  0.130208
86  418.937500  418.981771  0.022135  0.095052
47  419.361979  419.524740  0.085938  0.114583
79  414.736979  414.786458  0.330729  0.089844
67  414.798177  414.766927  0.084635  0.041667
88  414.957031  415.095052  0.001302  0.071615
81  415.703125  415.908854  0.046875  0.208333
9  144.727865  145.122396  0.005208  0.266927
50  144.751302  144.904948  0.007812  0.175781
41  145.037760  145.242188  0.003906  0.251302
73  145.121094  145.708333  0.002604  0.470052
65  145.066406  145.320312  0.315104  0.338542
72  144.731771  145.266927  0.355469  2.212240
67  145.496094  145.885417  0.143229  0.408854
84  145.563802  145.936198  0.460938  0.428385
34  154.947917  155.136719  0.416667  0.113281
49  155.121094  155.309896  0.002604  0.236979
58  155.661458  155.833333  0.109375  0.144531
68  155.972656  156.075521  0.007812  0.052083
76  155.994792  156.032552  0.005208  0.037760
78  156.032552  156.201823  0.007812  0.209635
78  156.175781  156.677083  0.057292  0.652344
43  156.234375  155.579427  0.214844  0.305990
57  156.022135  156.166667  0.095052  0.188802
75  156.156250  156.274740  0.018229  0.044271
89  156.276042  156.367188  0.005208  0.057292
58  156.515625  156.639323  0.001302  0.065104
32  156.601562  156.587240  0.085938  0.039062
60  156.583333  156.673177  0.057292  0.055990
47  156.641927  156.701823  0.097656  0.057292
62  156.792969  156.971354   0.144531  0.162760
67  156.734375  156.971354   0.191406  0.212240
59  156.779948  157.588542   0.166667  0.628906
74  175.730469  167.748698   0.005208  0.332031
50  167.673177  168.117188   0.238281  0.632812
73  167.949219  168.029948   0.164062  0.205729
52  179.511719  179.669271   0.015625  0.196615
61  179.214844  179.390625   0.151042  0.177083
67  179.250000  179.588542   0.157552  1.253906
69  179.613281  179.660156   0.010417  0.097656
74  179.194010  179.208333   0.007812  0.053385
56  179.024740  179.089844  0.003906  0.031250
80  179.079427  179.109375  0.006510  0.093750
71  179.114583  179.264323  0.139323  0.143229
61  179.351562  179.002604  0.339844  0.279948
60  179.125000  179.291667  0.105469  0.151042
54  179.394531  179.813802  0.013021  0.373698
68  179.049479  179.328125  0.307292   0.907552
68  179.345052  180.411458  0.018229   2.052083
57  182.743490  182.944010  0.231771   0.204427
69  182.868490  183.406250  0.011719  2.304688
58  182.727865  183.272135  0.005208   1.725260
74  182.934896  183.579427  0.316406   0.462240
50  183.045573  183.338542   0.000000  0.213542
73  183.175781  183.273438   0.005208  0.218750
69  183.748698  184.259115  0.367188   0.479167
65  183.830729  184.154948   0.201823  0.214844
72  183.934896  184.182292   0.183594  0.049479
69  184.027344  184.111979   0.006510  0.169271
49  184.117188  184.282552   0.177083  0.145833
62  184.665365  184.907552   0.175781  0.235677
80  184.946615  186.070312   0.184896  0.130208
76  186.746094  187.054688   0.003906  0.356771
58  186.815104  187.170573   0.001302  0.268229
74  188.485677  188.656250   0.003906  0.180990
70  188.477865  188.592448   0.005208  0.048177
73  188.679688  188.843750   0.296875  0.164062
62  188.792969  189.186198   0.023438  0.372396
62  188.805990  189.119792   0.003906  0.238281
74  189.276042  189.378906   0.005208  0.130208
57  189.339844  108.583333   0.001302  0.240885
76  180.813802  181.032552  0.007812   0.253906
71  181.014323  181.527344  0.016927   0.757812
59  181.735677  182.143229  0.007812  0.457031
8  181.591146  181.950521  0.010417  0.329427
65  181.873698  182.184896  0.002604  0.162760
58  182.005208  182.040365  0.006510  0.074219
45  182.013021  183.136719  0.023438  0.117188
75  182.854167  182.880208  0.018229  0.082031
69  182.946615  182.997396  0.023438  0.039062
56  182.937500  183.046875  0.084635  0.118490
73  182.940104  183.015625  0.087240  0.092448
83  138.074219  183.156250  0.141927  0.106771
60  182.942708  183.053385  0.007812  0.113281
67  183.954427  184.132812  0.005208  0.126302
55  184.128906  184.272135  0.108073  0.144531
55  184.126302  184.334635  0.026042  0.173177
82  184.115885  184.795573  0.002604  0.315104
71  317.950521  318.009115  0.152344  0.128906
67  318.692708  319.183594  0.174479  0.290365
78  318.980469  319.046875   0.013021  0.109375
69  319.949219  320.416667   0.000000  0.440104
81  329.858073  329.895833   0.002604  0.037760
70  330.108073  330.330729   0.173177  0.289062
61  330.407552  330.733073   0.098958  1.134115
52  303.638021  304.289062   0.026042  1.576823
63  304.023438  304.373698   0.001302  0.315104
81  313.686198  314.907552   0.158854  0.558594
52  314.774740  314.938802   0.006510  0.234375
69  314.888021  314.958333   0.002604  0.027344
52  314.968750  315.024740   0.011719  0.046875
74  314.854167  314.942708   0.011719  0.088542
71  314.944010  315.054688   0.157552  0.057292
56  314.996094  315.075521   0.154958  0.141927
69  314.841146  314.986979   0.000000  0.087240
73  314.975260  315.868885   0.238281  0.600260
62  314.951823  314.996094   0.009115  0.178385
71  314.674479  314.798177   0.333333  0.260417
73  314.751302  315.179688   0.001302  0.354167
57  314.688802  314.907552   0.207031  0.207031
74  314.794271  315.915365   0.005208  0.302083
55  314.778646  314.970052   0.266927  0.114583
73  314.917969  314.901042   0.029948  0.033854
71  314.813802  315.032552   0.135417  0.188802
64  314.756510  314.981771   0.005208  0.119792
52  314.955729  315.054688   0.000000  0.173177
72  314.794271  314.970052   0.468750  0.194010
71  314.779948  314.955729   0.131510  0.042969
64  319.859375  311.023438   0.019531  0.032552
59  310.033854  310.118490   0.276042  0.035156
45  311.234375  311.330729   0.153646  0.036458
81  314.236979  314.533854   0.003906  0.273438
50  314.308594  315.386719   0.183594  0.377604
52  314.361979  314.570312   0.005208  0.153646
67  314.440104  314.486979   0.000000  0.037760
65  314.545573  314.565104   0.003906  0.052083
44  314.501302  314.505208   0.183594  0.127604
62  314.449219  314.602865  0.003906   0.165365
64  314.348958  315.472656  0.203125   0.351562
60  314.488281  314.904948  0.207031  4.373698
59  314.743490  315.153646  0.518229  0.867188
57  314.457031  315.166667  0.023438  0.393229
78  314.740885  314.951823  0.302083  0.175781
54  314.958333  315.029948  0.170573  0.070312
75  315.045573  315.312500   0.005208  0.451823
74  315.138021  315.180990   0.002604  0.100260
76  315.147135  315.315104   0.003906  0.170573
64  315.251302  315.350260   0.029948  0.221354
63  315.529948  315.477865   0.001302  0.046875
66  315.768229  315.848958   0.028646  0.055990
52  315.756510  315.541667   0.132812  0.040365
71  306.479167  306.541667   0.003906  0.050781
59  306.841146  307.489583   0.001302  0.662760
45  305.270833  305.352865   0.037760  0.036458
66  303.664062  303.755208   0.007812  0.092448
57  303.805990  304.028646   0.002604  0.066406
47  330.664062  330.880208   0.009115  0.238281
62  330.567719  330.589844   0.001302  0.054688
61  330.748698  330.794271   0.239583  0.151042
69  330.117188  330.324219   0.013021  0.058594
69  330.136719  330.308594   0.005208  0.153646
69  330.138021  330.283854   0.035156  0.079427
71  331.294271  331.427083   0.087240  0.123698
60  331.509115  331.542969   0.087240  0.035156
47  331.574219  331.444010   0.132812  0.052083
39  330.497396  330.692708   0.007812  0.037760
50  332.964844  332.967448   0.250000  0.092448
68  332.902344  333.028646   0.001302  0.127604
66  333.065104  333.236979   0.213542  0.182292
64  333.489583  333.725260  0.194010   0.286458
57  333.794271  333.933594  0.007812  0.197917
57  334.235677  334.389323  0.082031  0.130208
62  334.078125  334.154948  0.162760  0.118490
55  333.079427  334.117188  0.079427  0.087240
84  334.208333  334.312500  0.197917  0.144531
82  333.330729  333.575521  0.022135  0.191406
55  333.359375  333.576823  0.173177  0.104167
48  333.496094  333.704427  0.024740  0.164062
86  333.408854  333.701823  0.015625  0.311198
47  333.684896  334.007812  0.273438  0.319010
72  333.433594  333.755208  0.309896  0.580729
57  333.569010  334.723958  0.933594  0.421875
57  334.773438  335.035156  0.002604  0.371094
38  333.889323  334.605469  0.002604  0.494792
72  330.231771  330.643229  0.027344  0.410156
47  331.498698  331.591146  0.125000  0.140625
73  331.246094  333.302083  0.528646  0.386719
48  333.158854  334.381510  0.095052  0.350260
78  333.562500  333.735677  0.003906  0.156250
72  333.457031  334.171875  0.020833  0.305990
52  333.563802  333.888021  0.032552  0.455729
43  333.643229  334.351562  0.173177  0.722656
75  333.964844  333.955729  0.076823  0.102865
59  333.735677  333.802083  0.144531  0.052083
84  333.772135  333.954427  0.130208  0.065104
48  333.843750  333.933594  0.175781  0.109375
48  333.912760  334.029948  0.006510  0.098958
78  333.773438  333.904948  0.066406  0.167969
82  334.106771  334.298177  0.082031  0.100260
84  334.348958  333.450521  0.001302  0.089844
48  334.350260  334.421875  0.075521  0.058594
84  334.255208  334.298177  0.013021  0.080729
54  334.248698  334.335938  0.007812  0.123698
57  334.388021  334.686198  0.117188  0.186198
74  334.365885  334.451823  0.001302  0.110677
47  343.511719  343.510417  0.080729  0.070312
53  343.341146  343.434896  0.001302  0.122396
72  343.348958  343.472656  0.195312  0.089844
76  343.511719  344.527344  0.192708  0.100260
50  344.518229  344.632812  0.097656  0.070312
81  345.248698  345.285156  0.071615  0.074219
48  345.295573  345.380208  0.022135  0.035156
52  345.319010  345.417969  0.005208  0.053385
78  345.130208  345.236979  0.072917  0.042969
44  344.733073  344.747396  0.015625  0.119792
78  344.888021  344.921875  0.003906  0.027344
43  344.885417  344.983073  0.180990  0.111979
48  344.673177  344.707031  0.006510  0.045573
45  344.643229  344.748698  0.013021  0.098958
79  344.725260  344.851562  0.225260  0.096354
76  344.257812  344.321615  0.007812  0.039062
84  344.298177  344.335938  0.005208  0.075521
43  343.476562  343.583333  0.082031  0.092448
48  343.753906  343.953125  0.162760  0.136719
77  343.958333  344.022135  0.148438  0.062500
79  343.772135  344.305990  0.003906  4.429688
57  349.493490  349.519531  0.003906  0.154948
45  349.510417  349.462240  0.005208  0.039062
84  349.636719  349.606771  0.010417  0.046875
85  349.860677  349.838542  0.0.8692  0.052083
47  439.755208  439.781250  0.007812  0.065104
61  439.589844  439.863281  0.007812  0.333333
48  439.877604  404.197917  0.330729  0.235677
75  439.855469  439.976562  0.007812  0.074219
44  349.174479  349.239583  0.182292  0.058594
47  349.218750  349.358073  0.009115  0.111979
77  349.272135  359.454427  0.088542  0.071615
76  349.694010  349.830729  0.065104  0.071615
83  349.559896  349.615885  0.088542  0.080729
45  349.554688  349.694010  0.100260  0.067708
83  349.548177  349.555990  0.101562  0.007812
79  349.682292  349.777344  0.058594  0.050781
45  349.735677  349.830729  0.006510  0.071615
48  349.865885  340.199219  0.076823  0.154948
86  349.897135  349.645833  0.177083  0.041667
86  349.880208  350.013021  0.167969  0.027344
84  345.977865  346.050781  0.003906  0.078125
75  340.660156  340.774740  0.002604  0.036458
52  346.108073  346.196615  0.016927  0.037760
57  346.283854  346.381510  0.007812  0.053385
48  346.239583  346.291667  0.013021  0.036458
75  346.356771  346.441406  0.084635  0.071615
58  346.386719  346.393229  0.002604  0.085938
50  346.453125  346.385417  0.093750  0.092448
79  346.365885  346.419271  0.005208  0.028646
48  346.363281  346.428385  0.007812  0.037760
80  346.261719  346.372396  0.001302  0.075521
40  346.391927  346.338542  0.092448  0.049479
50  346.514323  346.295573  0.141927  0.111979
73  346.385417  346.566406  0.125000  0.079427
67  346.391927  346.522135  0.075521  0.052083
78  345.209635  324.466146  0.115885  0.372396
58  324.334635  324.361979  0.076823  0.036458
64  324.522135  324.639323  0.084635  0.087240
43  342.311198