74    1.023438    1.085938  0.000000  0.062500
55   15.631510   15.552083  0.001302  0.161458
55   19.746065   19.822917  0.007812  0.061198
84  122.165365  121.273438  0.002604  0.071615
78  181.257812  181.114583  0.018229  0.050781
76  125.166667  125.028646  0.023438  0.843750
49  147.970052  148.363281  0.132812  0.125000
45  147.962240  148.562500  0.079427  0.052083
50  141.878906  141.708333  0.102865  0.061198
59  121.736979  121.845052  0.002604  0.475260
54  121.442708  121.977083  0.015625  0.055990
83  115.143229  115.158854  0.303385  0.375000
76  115.647135  115.539062   0.016927  0.087240
89  105.203125  105.421875  0.286458   0.410156
65  166.188802  166.729167  0.026042  0.154948
55  187.204427  187.312500   0.002604  0.054688
31  151.204427  151.540365  0.225260   0.486979
57  117.626302  117.667188  0.192708  0.585938
89  123.531250  123.665365  0.003906  0.050781
44   60.565104   60.746094  0.209635  0.281250
62   91.442708   91.588542  0.109375  0.071615
63    6.050781    6.832031  0.000000  0.071615
44   91.660156   91.764844  0.161458  0.170781
60   267.273438   267.233073  0.011719  0.166667
  42   41.174479   41.981771  0.070312  0.109375
48    79.605469    78.679688  0.002604  0.180990
  66   478.166667   478.239583  0.040365  0.075521
  61   490.636719   491.800781  0.023438  0.052083
  46   506.285156   506.640625  0.001302  0.316406
  73   529.701823   529.503906  0.532552  0.363281
56   325.716146   325.330729  0.130208  1.204427
72   354.424479   354.958333  0.001302  0.033854
55   384.007812   338.148438  0.092448  0.061198
  65   539.134115   540.236979  0.003906  0.501302
  79   579.566406   569.622396  0.079427  0.092448
  85   981.768229   981.832500  0.035156  0.223958
  66   886.010417   887.318802  0.084635  0.666667
  63   883.566406   884.144531  0.000000  1.789062
  78   984.765625   984.897135  0.117188  0.148438
  45   564.442708   564.688802  0.026042  0.292998
  37   814.980469   814.839844  0.218750  0.259115
  34   742.847656   749.162760  0.009115  0.236979
  79    15.739583    15.746094  0.007812  0.217448
  69   195.906250   197.170573  0.005208  0.455729
  69   611.054688   619.500000  0.001302  0.651042
64   619.792969   671.841146  0.018229  0.264323
  66   670.700521   670.463542  0.295573  0.173177
41   811.367188   811.618490  0.013021  2.135417
64   60.591146   60.591146  0.279948  0.597656
67   91.285156   91.541667  0.032552  0.427083
46   14.122396   14.266927  0.003906  0.044271
66    1.777344     1.432292  0.000000  1.052083
65   406.023438   406.139323   0.140625   0.085938
69    49.024740    49.195312   0.296875   1.001302
52   973.881510   973.885417   0.037760   0.309896
67   379.328125   379.497396   0.000000   0.248698
55   337.670573   347.502604   209.200521   0.007812   0.078125
55   363.076823   363.013021   0.023438   0.234375
58   804.425781   800.962240   0.020833   0.225260
47   886.092448   888.167969   0.001302   0.459635
54   895.781250   896.036458   0.019531   0.222656
62   941.694010   973.964844  0.195312  1.428385
52   82.955729   82.770833  0.322312  0.678385
72   88.533854   88.576844  0.225260  0.578125
63   82.434896   82.658854  0.000000  0.036458
65   21.317708   21.576823  0.024740  0.214844
30   22.700521   21.592448  0.016927  0.207031
54   75.236979   76.265625  0.011719  0.110677
55   75.220052   75.256510  0.015625  0.255208
47   87.123698   88.046875  0.005208  0.028646
86   97.516927   97.822917  0.000000  0.166667
59   56.007812   56.277344   0.015625  0.164062
61  319.916667  302.016927   0.180990  0.335938
57   59.781250   90.356771  0.222656   0.425781
65  271.638021  272.609375  0.3.83021  0.003906  0.076823
  93  1356.005208  1365.029948  0.014323  0.033854
  85  1279.272135  1279.899740  0.002604  0.082031
  44  1229.052083  1224.027344  0.000000  0.105469
  83   661.622396   661.661458  0.007812  0.171875
  59   698.026042   966.039062  0.000000  0.515625
  66   610.725260   610.665365  0.023438  0.154948
76   712.464844   717.128906  0.006510  0.315104
  46   652.406250   642.867188  0.011719  0.048177
55   410.800781   410.574219  0.000000  0.113281
93   401.527344   401.860677  0.009115  0.063802
  73   391.005229   391.326823  0.141927  0.097656
  69   495.583333   498.164062  0.006510  0.101562
  78   373.889323   373.483073  0.007812  0.562500
  66   357.632812   357.967448  0.007812  0.197917
79   568.529948   569.764323  0.147135  0.242188
57   771.936198   772.828125  0.001302  0.486979
33   231.235677   231.541667  0.742188  0.261719
68   460.716146   460.826823  0.256510  0.940104
75   961.328125   961.800781  1.011719  0.182292
70   718.049479   718.925781  0.122396  0.134115
74    63.235677    65.332031  0.026042  0.070312
  44   413.515625   413.651042  0.022135  0.027344
  45   416.394531   416.519531  0.000000  0.104167
  64   968.441406   968.876302  0.003906  0.027344
  65   779.690104   782.621094  0.101562  0.190104
  89   581.983073   582.066406  0.000000  0.191406
  86   989.050781   989.367188  0.069010  0.148438
  66    94.858073    95.410156  0.371094  0.675781
  44   258.636719   258.886719  0.001302  0.135417
72   308.269531   309.811198  0.182292  0.238281
46   935.739583   938.356771  0.144531  0.675781
38   554.795573   554.268729  0.000000  0.285156
53   374.760417   374.807290  0.001302  0.445312
60   354.312500   355.329427  0.002604  0.108073
84   387.673177   388.209635  0.444010  0.515625
83   540.855469   594.283854  0.250000  0.300781
48   382.861979   388.083333  0.070312  0.167969
53   356.619792   375.871094  0.033854  0.041667
75    50.277344    50.632812  0.000000  0.286458
  43   425.811198   426.082031  0.001302  0.071615
  73   493.322917   494.264323  0.001302  0.138021
  51   424.825521   442.916667  0.065104  0.071615
  79   394.867969   394.967448  0.080729  0.115885
  71    84.506510    84.552083  0.000000  0.622396
  60   422.674479   422.656250  0.000000  0.072917
48   459.054688   459.221354  0.098958  0.085938
47   454.264323   454.552083  0.001302  0.694010
73   249.108073   245.235677   0.570312   2.096354  0.058594
66   23.319010   23.680990  0.076823  0.147135
48   50.408854   50.552083  0.003906  0.407552
59   83.131510   83.065104  0.005208  0.364583
55   837.007812   838.246094  1.826823  1.744792
  68   825.555990   825.460938  0.003906  0.557292
  66   842.605469   843.611979  0.000000  0.212240
  52   373.256510   372.596354  0.002604  0.246094
  63   731.502604   731.446615  0.201823  0.463542
67   896.708333   897.282562  0.011719  0.333333
65    90.100260    90.220052  0.121094  0.192708
87    48.908854    49.067708  0.000000  0.295573
55    45.102865    45.220052   0.016927   0.160156
52   200.274740   201.125000  0.002604  0.088542
76   31.166667   31.225260  0.013021  0.085938
48   36.371094   36.433594  0.002604  0.523438
56   53.915365   55.175990   0.018229  0.040365
77  295.264323  295.087240  0.177083   0.585938
61  235.454927  236.013021  0.013021  0.096354
51   27.269531   27.962240  0.028646  0.529948
47   59.566406   59.976562  0.010417  0.447917
59   30.282552   30.805990  0.111979  0.479167
56   239.093750   249.165365  0.019531  0.462240
65   940.946615   946.498698  0.651042  0.444010
75   432.006510   432.376302  0.174479  0.135417
63   439.144531   439.019531  0.115885  0.052083
76   364.841146   364.785156  0.395833  0.076823
84    52.247396    52.786458  0.255208  0.253906
  61   991.248646   991.459635  0.007812  0.480469
  61   481.882812   489.677083  0.000000  0.434896
  56   208.885417   209.010417  0.005208  0.049479
  31   404.215625   404.263021  0.002604  0.036458
  60    83.756510    83.665365  0.002604  0.074219
  86   399.968750   390.029948  0.071615  0.113281
  87   389.510417   389.527344  0.015625  0.037760
  46   399.438802   390.479167  0.157552  0.348958
62   444.201823   444.777344  0.101562  0.006510
73   44.276042   44.718750  0.070312  0.074219
44  310.992188  311.083333  0.177083   1.382812
64  126.585938  126.162760  0.210938  0.401042
75  103.231771  103.110677  0.070312  0.089844
75  122.856771  123.233073  0.091146  0.145833
45   69.447917   76.803385  0.007812  0.356771
51    1.731771    1.475260  0.083333  0.076823
83  131.009115  131.005208  0.152344  0.139323
59  1293.936667  1299.042969  0.001302  0.222656
  66  1330.826823  1330.337240  0.001302  0.628906
  40  1327.338542  1328.713542  0.117188  0.020833
  72  1024.006510  1024.154948  0.016927  0.108073
  46  1084.076823  1084.816406  0.161458  0.074219
  79  1109.747396  1109.894531  0.000000  0.242188
  63  1063.803646  1064.917969  0.401042  1.057292
72  1053.619792  1055.839844  0.001302  0.596354
  74  142.095052  142.311198  0.891406  0.093750
47  124.423177  124.446615  0.002604  0.477865
41  192.972656  192.841146  0.000000  0.410156
44  158.027344  159.005208  0.085938  0.317708
75  149.458333  148.059896  0.027344  0.103696
64  114.053385  114.860677  0.023438  0.084635
31  114.055990  114.542969  0.126302  0.210938
71  115.473958  115.199219  0.002604  0.177083
76  113.259115  113.500000  0.151042  0.084635
81  116.007812  117.180990  0.148438  0.122396
43  169.397135  119.763021  0.035156  0.209635
54  119.101562  119.898438  0.003906  0.279948
51  118.725260  119.708333  0.416667  0.277344
56  115.272344  115.229167  0.203646  0.285156
43  147.868490  146.282552   0.033854  0.106771
68  152.631510  152.828125  0.257812   0.449219
48  158.356771  158.492188   0.031250  0.063802
79  148.277344  148.023438   0.063802  0.149740
65   67.108073   67.264323   0.117188  0.037760
69   10.062500   10.670573  0.022135   1.361979
63   14.027344   14.799479  0.002604   0.165365
57  120.402344  123.145833   0.028646  0.201823
64  193.458333  194.425781   0.000000  0.158854
75   73.980469   74.925781   0.204427  1.104167
70  370.614583  371.453125   0.281250  0.136719
57  319.684896  319.641406   0.005208  0.093750
64  271.106771  271.134115  0.234375   0.125000
76   50.264323   51.075521  0.000000  0.746094
44   87.377604   87.592448  0.174479  0.057292
63   73.023438   73.138021  0.054688  0.187500
48    2.864583    3.654948  0.074219  0.411458
64   55.408854   56.494792  0.003906  0.170573
51   531.992188   534.248698  0.015625  1.415365  0.028646
  87   372.337240   324.743490  0.000000  1.027344
  64   284.375000   284.632812  0.000000  0.276042
  65   297.260417   279.070312  0.006510  0.222656
  55   250.894531   250.445312  0.001302  0.207031
  78   279.645833   279.680990  0.007812  0.042969
  87   338.792969   384.851562  0.000000  0.169271
61   356.402344   357.412760  0.074219  0.066406
  89   359.726562   359.623698  0.225260  0.029948
  52   504.983073   504.076823  0.092448  0.029948
  66   369.736979   369.367187  0.070312  0.100260
  41   528.009115   750.035156  0.002604  0.113281
  68   557.601562   557.729167  0.010417  0.574219
  63   588.522135   588.925781  0.091146  0.182292
  66   557.705729   587.492188  0.006510  0.480469
  85   588.273438   588.277344  0.119792  0.136719
  97   553.009115   553.375000  0.075521  0.105469
  83   354.703125   355.563802  0.013021  0.121094
  79   559.472656   595.662760  0.000000  0.415365
  46   506.667969   507.782552  0.002604  0.385417
  88   206.989583   207.412760  0.003906  0.151042
  72   380.911458   381.826823  0.011719  0.050781
  63   373.988281   373.024740  0.088542  0.145833
  46   490.364583   491.229167  0.006510  4.240885  0.118490
67   46.082031   46.255208  0.001302  0.251302
63   75.181583   76.117188  0.111979  0.166667
74   68.911458   68.184896  0.002604  0.184896
65   37.942708   38.522135  0.003906  0.54947
  44   575.554688   578.438802  0.253906  0.127604
65   502.618490   502.557292   0.002604   0.429688
33   378.104167   347.718750   0.178385   0.282552
81   399.303385   390.075521   0.180990   0.335937
96   589.804688   589.706510    0.292969   0.173177  0.042969
82  419.437500  411.867188  0.009115   0.292969
59   50.442708   50.789062  0.235677   0.270833
41   85.028646   84.136719  0.227865  0.552083
58   30.680990   30.640625  0.247396  1.442708
58   53.458333   55.764323  0.003906  0.070312
74   83.846354   84.093750  0.006510  0.115885
46   887.296875   887.970052  0.001302  0.402344
  66   759.013021   797.091146  0.001302  0.070312
  89   518.175781   581.063802  0.007812  0.050781
  62   789.085938   789.746094  0.186198  0.351562
  58   464.678385   464.497396  0.076823  0.031250
  76   496.864583   497.286458  0.097656  0.071615
  67   472.356771   472.867188  0.009115  0.222656
  98   499.187500   499.842448  0.061198  0.196615
  81   252.796875   252.552083  0.000000  0.100260
  72   526.380208   526.873698  0.195312  0.242188
  62   254.005208   254.829427  0.119792  0.136719
  67   402.691406   429.552083  0.036458  0.131510
  92   205.709635   205.377604  0.028646  0.864583
  41   296.015625   296.283854  0.000000  0.037760
  75    24.425781    24.613281  0.180990  0.091146
  69   498.305990   489.161458  0.009115  0.415365
  61   394.615885   395.496094  0.000000  0.625000
  63   374.786458   374.809896  0.007812  0.315104
  65   588.048177   588.066406  0.001302  0.222656  0.115885
74  564.467448  564.527344   0.095052  0.033854
58  366.207031  367.147135   0.005208  0.048177
48  391.640625  391.565104  0.007812   0.583333
66   81.398438   82.071615  0.027344   0.286458
75   31.740885   32.348958  0.009115  0.326823
50   52.230469   52.588542  0.015625  0.475260
80   55.585938   55.592448  0.184896  0.048177
41  289.919271  290.766927  0.003906  0.083333
56   34.697917   34.700521  0.141927  0.330729
72   492.107552   492.867188  0.097656  0.115885
83   351.930990   352.986979  0.602865  1.669271
65   572.471354   757.419271   0.002604   0.239583
65   859.468750   860.279948   0.287760   0.596354
79   755.187500   745.464865   0.475260   0.445312
70   873.464844   873.988281   0.097656   0.179688
86   586.944119   587.251302   0.885417    2.691406   0.083333  0.065104
57  359.747396  359.410156   0.001302  0.158854
86  458.764323  458.608073   0.184896  0.526823
69  456.308594  459.105469   0.006510  0.134115
62  436.410156  443.684896   0.027344  0.996094
62  367.040365  366.835938   0.660156  0.199219
22  314.721354  314.598958   0.006510  0.072917
71   78.209635   78.117188   0.191406  0.066406
88  217.790365  218.268229   0.007812  0.122396
57   90.799479   91.212240   0.005208  0.427083
68   99.644531   99.421875   0.002604  0.055990
64  291.812500  291.669271   0.003906  0.095052
46  264.041667  264.220052   0.003906  0.178385
38  201.552083  201.500000  0.006510   0.449219
73   73.177083   73.802083  0.166667  0.388021
70   86.427083   87.769531  0.001302  0.118490
76   89.260417   98.180990  0.350260  1.628906
75   47.883333   97.172396  0.115885   0.247396
49  372.992188  373.102865   0.002604  0.239583
61  258.053385  254.921875   0.018229  0.084635
60  206.062500  202.132812  0.209635   0.200521
59  321.347656  321.625000  0.157552  0.067708
83  395.436198  395.031250  0.041667  0.048177
60   37.412760   37.326823  0.003906  0.420573
81   333.662760   334.848958  0.001302  0.171875
75   359.188802   359.910156  0.410156  0.901042
55   586.283854   586.009115  0.173177  0.114583
70   564.967448   564.216146  0.003906  0.272135
72   566.019531   561.967448   0.002604   0.348958
75   803.325521   805.933594   0.283854   0.236979
61   871.832031   871.894531   0.003906   0.296875
55   853.100260   853.055990   0.166667   0.266927
56   876.415365   877.825573   0.209635   0.263021
67   392.946615   390.949219   0.002604   0.317708
47   322.694010   322.317708   0.078125   0.088542
48   322.665365   237.871094   0.220052   0.186198
88   499.196615   499.057292  0.002604  0.065104
45   448.490885   448.516927  0.138021  0.088542
48    54.989583   450.074219  0.001302  0.441406
  29   374.742188   374.608073  0.000000  0.263021
  45   348.588542   348.618490  0.003906  0.171875
  68   337.028646   327.815104  0.055990  0.162760
78    42.447998    42.683594  0.009115  0.141927
44    54.141927    54.027344  0.394531  0.707031
57   720.070312   770.260417   0.007812   0.273438
47   562.886719   563.785156   0.618750   0.265625
48   870.246094   870.156250   0.971354   0.776042
51   829.472656   829.864583   0.023438    1.302083
65   840.111979   84.244792  0.196615   0.583333
56   85.438802   85.686198  0.098958   0.058594
65  300.036458  301.036458  0.011719  0.055990
48  381.709635  387.105469  0.014323  0.093750
78  368.559896  368.734375  0.092448  0.048177
84    8.470052    9.662760  0.014323  0.516927
55   723.524740   728.664062  0.015625  0.256510
56   736.410156   773.861979  0.821615  0.923177
71   709.865885   710.243490   0.083333   0.100260
67   720.591146   721.204427   0.000000   0.282552
59   860.220052   860.755208   0.007812   0.752604
58   819.733073   802.682292   0.415365   0.329948
68   377.830729   378.824219   0.011719   0.597656
63   589.944010   598.360677    9.070312   0.045573  0.055990
65  391.705729  391.868490  0.254427   0.510417
55  331.222656  332.136719  0.341146   0.582031
68  300.256510  309.314583  0.029948   0.345052
74  389.353385  389.299479  0.098958  0.075521
47  397.251302  398.029948  0.110677  0.180990
50   54.812500   54.778646  0.005208  0.188802
54   56.027344   55.350260  0.156250  0.042969
59   94.203125   94.980469  0.005208  0.054688
  88   473.552865   473.700521  0.057292  0.105469
  84   449.190104   449.083333  0.057292  0.045573
  45   439.583333   448.910156  0.027344  0.067708
  63   998.445312   998.611979  0.011719  0.139323
  66   428.660156   482.919271  0.007812  0.197917
  46   208.130208   209.011719  0.002604  0.410156
  63   566.563802   566.898438  0.242188  0.225260
79   890.338542   980.856771  0.345052  0.944010
48   582.410156   588.875000   0.003906   0.139323
31   325.015625   325.190104   0.574219   0.615885
47   439.290364   439.769531   0.100260   0.194010
69   332.891927   332.434896   0.238281   0.408854
45   308.013021   300.812500  0.216146   0.167969
46   554.856771   559.524740  0.458333  0.433594
59   464.076823   465.376302  0.006510  0.138021
58    30.946615    30.656250  0.221354  0.307292
62    25.563802    25.652344  0.016927  0.031250
  88   209.786458   209.954427  0.222656  0.550781
  80   502.988281   500.880208  0.001302  0.203125
76   435.286458   435.289062  0.178385  0.897135
65   936.886719   894.408854  0.476562  1.662760
35   850.063802   850.361979  0.175781  0.101562
48   562.417969   574.908854  0.003906  0.229167
  53   852.712240   583.402344  0.000000  0.248698
  55   246.481171   247.730469  0.105469  0.092448
48    25.631510    25.869792  0.011719  0.044271
  63   213.493490   212.802083  0.092448  0.022135
  94   418.582031   418.411458  0.002604  0.046875
  67  1322.375000  1322.644531  0.001302  1.132812
  40  1356.320312  1356.848958  0.145833  0.054688
  78  1397.041667  1397.110677  0.171875  0.174479
  58  1378.368490  1378.436198  0.002604  0.141927
  51  1373.983594  1373.096354  0.003906  0.067708
  46  1273.066406  1273.182292  0.055990  0.072917
  66  1087.832031  1087.273438  0.229167  0.200521
  39  1370.128906  1370.148438  0.059896  0.067708
  58  1308.808594  1302.902344  0.158854  0.027344
  76  1304.350260  1304.609375  0.010417  0.071615
  68  1247.798177  1248.678385  0.101562  0.059896
  56  1033.010417  1033.183594  0.000000  0.128906
  73  1300.729167  1300.764323  0.005208  0.032552
  81  1390.509115  1390.548177  0.005208  0.078146
  59  1245.654927  1425.755208  0.010417  0.260417
  59  1393.346354  1394.488281  0.040365  0.071615
  35  1399.964844  1049.885417  0.006510  0.149740
  92  1273.296875  1272.294271  0.201823  0.053385
  71  1043.145833  1043.011719  0.088542  0.036458
  58  1279.234375  1288.645833  0.001302  0.774740
  39  1173.950521  1173.790365  0.011719  0.203125
  42  1148.287760  1148.149740  0.001302  0.085938
  89  1121.260417  1112.194010  0.006510  0.080729
  73  1119.962240  1119.871094  0.135417  0.122396
  56  1164.911458  1164.256510  101.088542  0.028646  0.049479
66  1061.295573  1061.989583  0.238281  0.450521
