74    1.023438    1.085938  0.000000  0.062500
79    1.213542     1.227865  0.165365  0.035156
77    12.445312    12.507812  0.000000  0.072917
65     1.311198    10.541667  0.066406  0.290365
76     1.342448     1.507812  0.003906  0.152344
47     1.481771     1.505208  0.002604  0.053385
60     1.459635     1.480469  0.001302  0.041667
77     1.406250     1.464844  0.001302  0.084635
64     1.290365     1.348958  0.016927  0.059896
52     1.151042     1.166667  0.007812  0.076823
55     1.119792     1.226562  0.055990  0.063802
  62     1.114583     1.212240  0.716146  0.175781
  56     1.358073     1.339844  0.002604  0.062500
  70    12.417969    12.519531  0.003906  0.054688
  58    12.356771    12.457031  0.045573  0.036458
  50    12.432292    12.514323  0.040365  0.061198
  38    12.457031    12.467448  0.082031  0.041667
  65    12.576823    12.649740  0.002604  0.036458
  58    12.588542    12.638021  0.032552  0.028646
  87    12.747396    12.790365  0.000000  0.052083
  62    12.748698    12.731771  0.059896  0.031250
  29    12.817708    12.882812  0.119792  0.039062
  87    12.778646    12.739583  0.001302  0.053385
  31    12.742188    12.765625  0.000000  0.027344
  43     1.746094    12.016927  0.071615  0.264323
  62    12.561198    12.770833  0.098958  0.286458
  78     1.664062    0.028646   0.691406
72    12.899740    13.326823  0.001302   0.369792
55    1.272135    1.500000  0.201823   0.240885
76    1.036458    1.317708  0.182292   0.257812
73    1.791667    1.970052  0.114583   0.234375
46    1.753906    2.054688  0.128906   0.173177
65    2.281250    2.492188  0.013021   0.244792
63    2.427083    2.546875  0.203125   0.242188
57    2.486979    2.585938  0.167969   0.126302
62    2.527344    2.509115  0.080729   0.045573
80    2.092448    2.183594  0.063802   0.058594
67    2.359375    2.500000  0.186198   0.074219
69    2.329427    2.423177  0.078125   0.111979
64    2.342448    2.522135  0.231771   0.180990
61    2.345052    2.506510  0.130208   0.119792
65    2.571615    3.605469   0.002604  0.899740
70    2.445312    2.684896  0.186198   0.259115
61    2.697917    2.738281  0.005208  0.055990
76    2.825521    3.093750  0.049479  0.028646
49    2.061198    2.160156  0.036458  0.092448
64     2.212240     2.285156  0.003906  0.039062
55     0.298177     0.453125  0.002604  0.151042
46     5.100260     5.175781  0.055990  0.065104
48     5.231771     5.325521  0.158854  0.031250
41     4.265625     5.223958  0.000000  0.076823
70     5.192708     5.148438  0.002604  0.032552
  47     5.266927     5.326823  0.005208  0.040365
  64    51.153646    51.326823  0.020833  0.108073
  62    62.410156    62.468750  0.095052  0.001302
  72    62.557292    63.231771  0.001302  0.404948
  37    62.598958    63.242188  0.007812  2.369792
  59    51.707031    51.893229  0.000000  0.134115
  31    51.511719    51.712240  0.080729  0.127604
  54    51.634115    51.828125  0.050781  0.126302
  34    51.609375    51.634115  0.018229  0.036458
  78    51.720052    36.703125  0.014323  0.024740
  86    36.059896    36.151042  0.071615  0.096354
  77    36.270833     6.300781  0.001302  0.076823
  76     5.302083     5.325521  0.013021  0.069010
  40    51.220052    51.291667  0.003906  0.065104
  81    51.134115    50.546875  0.005208  0.486979
  76    50.149740    50.251302  0.048177  0.075521
  40    51.471354    51.569010  0.067708  0.075521
  67    50.179688    50.196615  0.055990  0.023438
  36    50.204427    50.419271  0.050781  0.071615
  74    50.270833    50.505208  0.002604  0.183594
  67    50.410156    50.406250  0.020833  0.031250
  84    50.546875    50.531250  0.083333  0.036458
  49    50.651042    50.782552  0.035156  0.106771
  87    50.559896    50.593750  0.015625  0.071615
  99    50.630208    50.914062  0.079427  0.298177
  87    50.575521    50.855469  0.010417  0.230469
  55    50.585938    50.734375  0.088542  0.095052
  61    50.574219    05.613281  0.000000  0.057292
  92    50.138021    50.118490  0.057292  0.035156
  41    50.132812    50.201823  0.028646  0.035156
  69    50.201823    50.247396  0.076823  0.035156
  76    50.203125    50.230469  0.067708  0.100260
  53    50.080729    50.106771  0.020833  0.031250
  90    50.268229    50.341146  0.039062  0.052083
  60    50.276042    50.342448  0.095052  0.059896
  78    50.382812    50.464844  0.028646  0.088542
  68    50.479167    50.395833  0.001302  0.036458
  87    50.563802    50.628906  0.006510  0.035156
  47    50.567708    50.585938  0.026042  0.061198
  62    50.633646    50.674479  0.000000  0.039062
  65    50.736979    50.947917  0.015625  0.175781
  70    50.299479    50.352865  0.029948  0.036458
  84    50.279948    50.441406  0.070312  0.080729
  84    50.371094    50.368490  0.054688  0.037760
  77    50.307292    50.325521  0.063802  0.035156
  64    50.300781    50.330729  0.046875  0.031250
30    50.257812    50.266927  0.005208  0.031250
22    50.300781    50.354167  0.023438  0.037760
  85    50.236979    50.244792  0.031250  0.027344
  89    50.294271    50.325521  0.003906  0.052083
  40    57.239583    56.234375  0.109375  0.065104
  74    56.260417    56.341146  0.075521  0.059896
  87    56.295573    56.466146  0.002604  0.305990
  57    55.355469    55.368490  0.006510  0.072917
  76    55.384115    55.475260  0.022135  0.062500
  94    55.334635    55.470052  0.049479  0.106771
  74    55.285156    55.332031  0.061198  0.065104
  84    55.444010    55.497396  0.076823  0.063802
  91    55.463542    55.523438  0.042969  0.050781
  87    55.464844    55.553385  0.000000  0.083333
  72    55.450521    55.500000  0.104167  0.054688
  72    55.395833    55.766927  0.111979  0.268229
  77    55.425781    55.515625  0.095052  0.059896
  42    55.488281    55.527344  0.122396  0.029948
  43    55.636719    55.673177  0.003906  0.044271
  39    55.747396    55.859375  0.018229  0.066406
  37    55.596354    55.549479  0.005208  0.022135
  88    55.742188    55.792969  0.065104  0.072917
  50    55.759115    55.835938  0.085938  0.027344
  37    55.860677    55.842448  0.063802  0.040365
71    55.787760    55.897135  0.125000  0.042969
55    55.761719    55.873698  0.003906  0.046875
50    55.832031    55.908854  0.170573  0.031250
69    55.907552    56.010417  0.003906  0.032552
51    56.264323    56.371094  0.000000  0.085938
75    56.279948    56.335938  0.006510  0.053385
65    56.341146    56.390625  0.003906  0.046875
65    56.247396    56.378906  0.013021  0.123698
74    55.394531    55.621094  0.003906  0.149740
54    55.364583    55.475260  0.164062  0.122396
67    55.447917    55.388021  0.100260  0.071615
42    55.559896    55.683594  0.010417  0.088542
79    55.683594    55.720052  0.003906  0.050781
70    55.734375    55.855469  0.130208  0.037760
60    55.742188    55.829427  0.010417  0.036458
65    55.916667    55.981771  0.003906  0.027344
74    55.760417    55.872396  0.036458  0.048177
75    55.783854    55.805990  0.000000  0.039062
72    55.763021    55.747396  0.001302  0.072917
73    55.778646    55.841146  0.010417  0.029948
91    55.865885    55.983073  0.201823  0.063802
 10    55.790365    55.839844  0.070312  0.066406
  53    55.756510    55.843750  0.054688  0.033854
  63    55.765625    55.845052  0.075521  0.036458
  29    55.738281    55.800781  0.006510  0.050781
  66    55.585938    55.677083  0.069010  0.037760
  64    55.736979    55.850260  0.029948  0.058594
  63    55.729167    55.854167  0.062500  0.065104
  81    55.773438    55.888021  0.102865  0.037760
  87    55.736979    55.851562  0.046875  0.079427
  92    55.942708    55.967448  0.069010  0.065104
  85    55.830729    55.891927  0.014323  0.044271
  30    55.927083    55.998698  0.049479  0.061198
  62    55.786458    55.884115  0.028646  0.052083
  74    55.785156    55.830729  0.003906  0.050781
  64    55.796875    55.833333  0.001302  0.033854
  87    55.908854    55.908854  0.084635  0.071615
  31    55.984375    55.981771  0.036458  0.048177
  89    55.930990    56.039062  0.092448  0.061198
  59    56.041667    56.212240  0.078125  0.166667
  65    56.358073    56.438802  0.066406  0.032552
  35    56.305990    56.376302  0.050781  0.049479
  80    56.255208    56.324219  0.061198  0.071615
  81    56.292969    56.401042  0.044271  0.091146
  98    56.289062    56.307292  0.010417  0.027344
  60    56.332031    56.393229  0.041667  0.036458
  84    55.649740    55.742188  0.080729  0.039062
  43    55.733073    55.859375  0.098958  0.053385
  35    55.798177    55.981771  0.069010  0.122396
  45    55.731771    55.813802  0.023438  0.035156
  49    55.647135    55.733073  0.041667  0.036458
  50    55.778646    55.893229  0.059896  0.079427
  82    55.746094    55.860677  0.071615  0.027344
  78    55.847656    55.895833  0.014323  0.078125
  64    55.757812    55.790365  0.079427  0.020833
  34    55.833333    55.920573  0.002604  0.049479
  89    57.585938    57.618490  0.083333  0.035156
  31    57.589844    57.683594  0.075521  0.069010
  57    57.584635    57.545573  0.052083  0.036458
76    57.596354    57.660156  0.001302  0.032552
64    57.596354    57.664062  0.006510  0.042969
  91    57.692708    58.236979  0.019531  0.339844
  55    58.335938    58.555990  0.007812  0.230469
  45    58.589844    58.773438  0.042969  0.102865
  66    58.636719    58.674479  0.108073  0.035156
  87    58.662760    58.761719  0.088542  0.092448
  78    58.669271    58.795573  0.002604  0.097656
  86    58.625000    58.782552  0.044271  0.161458
  58    58.720052    58.786458  0.002604  0.027344
  78    58.791667    58.910156  0.082031  0.104167
  89    58.799479    58.872396  0.003906  0.079427
  69    58.729167    58.787760  0.002604  0.095052
  99    58.817708    59.183594  0.005208  0.352865
  69    58.925781    59.104167  0.087240  0.171875
  63    58.967448    59.045573  0.010417  0.031250
  60    59.141927    59.205729  0.075521  0.080729
  54    59.100260    59.248698  0.061198  0.087240
  64    53.739583    53.830729  0.105469  0.076823
  53    55.989583    56.096354  0.074219  0.102865
  70    56.170573    56.316406  0.067708  0.106771
  39    56.177083    56.207031  0.009115  0.076823
  37    55.174479    55.234375  0.072917  0.095052
  56    55.300781    55.313802  0.074219  0.059896
  88    55.167969    55.210938  0.078125  0.057292
  65    55.134115    55.276042  0.028646  0.173177
  39    55.157552    55.244792  0.005208  0.066406
  56    55.309896    55.390625  0.007812  0.054688
  57    55.368490    55.398438  0.009115  0.031250
  90    55.486979    55.451823  0.078125  0.022135
  57    55.546875    55.574219  0.092448  0.031250
  77    55.574219    55.632812  0.053385  0.045573
  87    55.673177    55.817708  0.071615  0.072917
  44    55.369792    55.361979  0.003906  0.035156
  57    55.173177    55.253906  0.113281  0.071615
  67    55.298177    55.433594  0.085938  0.074219
  43    55.553385    55.662760  0.026042  0.027344
  43    55.632812    55.744792  0.136719  0.041667
58    55.761719    55.877604  0.000000  0.048177
65    55.792969    55.830729  0.058594  0.040365
40    55.740885    55.875000  0.009115  0.076823
47    55.800781    55.815104  0.007812  0.027344
70    55.734375    55.854167  0.000000  0.042969
64    55.733073    55.841146  0.007812  0.037760
50    55.773438    55.893229  0.003906  0.039062
33    55.951823    56.013021  0.006510  0.037760
75    55.783854    55.789062  0.003906  0.048177
46    55.886719    55.855469  0.009115  0.031250
73    55.833333    55.945312  0.000000  0.032552
73    55.997396    56.036458  0.125000  0.048177
53    56.070312    56.161458  0.010417  0.125000
56    56.407552    56.554688  0.072917  0.144531
  57    56.382812    56.503906  0.033854  0.113281
  40    56.471354    56.526042  0.109375  0.074219
  86    56.673177    56.794271  0.009115  0.070312
  93    56.673177    56.832031  0.157552  0.082031
  35    56.596354    56.634115  0.055990  0.045573
  79    65.467448    65.464844  0.009115  0.036458
  39    65.320312    65.338542  0.059896  0.031250
  87    65.333333    65.385417  0.054688  0.085938
  67    65.289062    65.389323  0.091146  0.059896
  60    65.248698    65.312500  0.076823  0.040365
  72    65.296875    65.315104  0.067708  0.058594
  87    65.322917    65.333333  0.002604  0.028646
  57    60.493490    60.562500  0.084635  0.117188
  44    60.315104    60.251302  0.084635  0.050781
  97    60.303385    60.345052  0.031250  0.085938
  53    60.302083    60.339844  0.079427  0.037760
  57    60.352865    60.393229  0.053385  0.031250
  44    60.319010    60.527344  2.251302  0.234375
  62   105.373698   105.446615  0.062500  0.033854
  45   105.394531   105.442708  0.011719  0.058594
  53   105.377604   105.440104  0.070312  0.024740
  32   105.438802   105.398438  0.059896  0.031250
  86   106.247396   106.313802  0.080729  0.050781
  50   106.464844   106.609375  0.057292  0.076823
  59   106.467448   106.544271  0.052083  0.058594
  77   106.401042   106.404948  0.054688  0.024740
  55   106.503906   106.618490  0.000000  0.075521
  57   160.660156   160.875000  0.002604  0.191406
  62   160.468750   160.825521  0.002604  0.557292
  35   160.420573   160.584635  0.000000  0.144531
  82   160.476562   160.611979  0.005208  0.127604
  74   160.433594   160.559896  0.145833  0.161458
  72   160.441406   160.557292  0.002604  0.125000
  58   160.449219   160.565104  0.002604  0.119792
  31   160.391927   160.455729  0.138021  0.066406
  60   160.368490   160.449219  0.003906  0.093750
  45   160.382812   160.503906  0.005208  0.095052
  79   160.464844   160.479167  0.085938  0.032552
  46   160.429688   160.510417  0.242188  0.082031
  35   160.412760   160.509115  0.031250  0.100260
  77   160.417969   160.449219  0.000000  0.032552
  35   160.600260   106.647135  0.170573  0.204427
  58   106.619792   106.834635  0.032552  0.156250
  77   160.438802   160.588542  0.002604  0.178385
  46   160.550781   160.563802  0.000000  0.057292
  61   160.393229   160.464844  0.011719  0.044271
  39   160.632812   160.703125  0.024740  0.063802
  53   160.628906   160.634115  0.016927  0.032552
  73   160.686198   160.658854  0.020833  0.055990
  45   165.796875   165.921875  0.128906  0.122396
  60   166.022135   166.074219  0.002604  0.031250
  87   166.071615   166.144531  0.016927  0.092448
  53   166.074219   166.084635  0.013021  0.037760
  44  1026.093750  1015.098958  0.091146  0.074219
  69  1026.071615  1026.048177  0.018229  0.031250
  55  1026.072917  1026.092448  0.000000  0.066406
  74  1026.011719  1026.035156  0.039062  0.036458
  99  1026.186198  1026.248698  0.059896  0.042969
  63  1026.183594  1026.253906  0.062500  0.042969
  76  1026.375000  1026.488281  0.105469  0.061198
  86  1026.575521  1026.733073  0.065104  0.074219
  60  1026.118490  1026.213021  0.006510  0.084635
  70  1026.312500  1026.305990  0.078125  0.033854
  59  1026.115885  1026.231771  0.000000  0.126302
  55  1026.229167  1026.322917  0.003906  0.075521
  70  1020.507812  1020.610677  0.085938  0.028646
  51  1020.424479  1020.444010  0.006510  0.001302
  58  1020.358073  1020.385417  0.037760  0.027344
  86  1020.305990  1020.334635  0.007812  0.026042
 101  1023.222656  1023.248698  0.114583  0.055990
  88  1023.255208  1023.290365  0.007812  0.027344
  82  1023.217448  1023.286458  0.029948  0.039062
  74  1023.250000  1023.303385  0.178385  0.027344
  78  1023.375000  1023.354167  0.118490  0.028646
  51  1023.257812  1023.338542  0.010417  0.036458
  52  1023.278646  1023.388021  0.092448  0.074219
  84  1023.427083  1023.381510  0.003906  0.057292
  61  1023.489583  1023.583333  0.087240  0.065104
 101  1023.563802  1023.674479  0.006510  0.027344
  66  1023.520833  1023.821615  0.170573  0.230469
  74  1023.621094  1023.756510  0.005208  0.027344
  82  1023.565104  1023.731771  0.002604  0.116667
  66  1023.240885  1023.229167  0.121094  0.046875
  80  1023.484375  1023.510417  0.002604  0.028646
  60  1023.320312  1023.371094  0.069010  0.032552
  51  1023.359375  1023.382812  0.045573  0.023438
  57  1032.290365  1032.304688  0.108073  0.026042
  32  1032.263021  1032.298177  0.000000  0.050781
  74  1032.226562  1032.292969  0.022135  0.024740
  83  1032.287760  1032.322917  0.001302  0.027344
  44  1032.329427  1032.371094  0.000000  0.031250
  60  1032.259115  1302.325521  0.065104  0.037760
  91  1302.376302  1302.397135  0.024740  0.052083
  56  1302.438802  1300.388021  0.000000  0.063802
  31  1301.048177  1301.104167  0.001302  0.048177
  56  1300.291667  1300.333333  0.000000  0.027344
  70  1300.278646  1300.264323  0.005208  0.061198
  31  1300.367188  1300.464844  0.002604  0.112760
  68  1300.390625  1300.430990  0.002604  0.028646
  39  1033.395833  1035.490885  0.087240  0.114583
  71  1035.276042  1035.399740  0.010417  0.106771
  62  1035.320312  1035.397135  0.085938  0.075521
  74  1035.257812  1035.326823  0.057292  0.074219
  87  1035.291667  1035.361979  0.042969  0.085938
  58  1033.437500  1033.470052  0.098958  0.058594
  39  1033.542969  1033.627604  0.057292  0.031250
  79  1033.765625  1033.822917  0.079427  0.036458
  92  1300.434896  1030.414062  0.121094  0.037760
  36  1030.430990  1030.479167  0.024740  0.039062
  72  1030.412760  1030.419271  0.070312  0.045573
  62  1030.268229  1003.242188  0.018229  0.045573
  69  1003.351562  1003.406250  0.015625  0.041667
  79  1003.445312  1003.643229  0.005208  0.066406
 102  1003.421875  1003.355469  0.070312  0.028646
  47  1003.563802  1003.621094  0.000000  0.044271
  46  1003.613281  1003.709635  0.055990  0.037760
  34  1003.631510  1003.712240  0.085938  0.071615
  38  1003.842346  1003.927083  0.005208  0.039062
  58  1003.743490  1003.812500  0.013021  0.057292
  62  1003.736979  1000.859375  0.000000  0.352865
  62  1002.778646  1003.044271  0.000000  0.285156
  76  1002.759115  1003.037760  0.000000  0.222656
  79  1002.921875  1003.255208  0.006510  0.305990
  64  1002.765625  1003.528646  0.010417  0.847656
  56  1003.058594  1008.376302  0.089844  0.287760
  68  1003.636719  1003.777344  0.210417  0.071615
  41  1003.944010  1003.876302  0.065104  0.317708
  54  1003.632812  1003.680990  0.000000  0.027344
  58  1003.674479  1003.764323  0.127604  0.066406
  77  1003.562500  1003.621094  0.007812  0.032552
  99  1003.783854  1003.890625  0.062500  0.100260
  78  1003.734375  1003.821615  0.003906  0.067708
  45  1003.842448  1003.830729  0.166667  0.027344
  74  1003.723958  1003.721354  0.010417  0.036458
  39  1003.937500  1003.973958  0.058594  0.033854
  73  1004.104167  1004.104167  0.049479  0.029948
  69  1015.080729  1015.131510  0.023438  0.031250
  57  1015.122396  1026.135417  0.032552  0.096354
  77   106.432292   106.501302  0.006510  0.035156
  45   106.453125   106.380208  0.048177  0.061198
  57   106.579427   106.664062  0.005208  0.050781
  51   160.524740   160.617188  0.075521  0.123698
  74   160.440104   160.505208  0.111979  0.069010
  45   160.585938   160.626302  0.016927  0.031250
  48   160.434896   160.411458  0.003906  0.031250
  43   163.546875   163.597656  0.082031  0.026042
  39   163.622396   163.722656  0.006510  0.104167
  55   163.484375   163.567708  0.001302  0.039062
  62   163.744792   163.813802  0.049479  0.052083
  45   163.688802   163.794271  0.005208  0.080729
  60   163.781250   163.869792  0.117188  0.096354
  78   163.937500   164.053385  0.006510  0.048177
  44   163.832031   163.908854  0.119792  0.098958
  33   163.893229   164.178385  0.302083  0.264323
  69   164.065104   164.207031  0.006510  0.158854
  84   161.626302   161.648438  0.002604  0.031250
  62   161.458333   161.481771  0.002604 0.037760
  75   161.328125   161.393229  0.000000 0.033854
  38   163.169271   163.236979  0.080729  0.084635
  63   163.252604   163.365885  0.002604  0.132812
  52   163.214844   163.279948  0.002604  0.102865
  93   163.343750   163.401042  0.295573  0.040365
  48   163.433594   163.555990  0.003906  0.118490
  47   163.445312   163.841146  0.18