74    1.023438    1.085938  0.000000  0.062500
  41  1075.233073  1078.402344  0.009115  0.578646
  85  1306.617188  1360.385417  0.006510  0.048177
  91  1199.209437  1194.050781  0.003906  0.044271
  61  1069.108073  1096.167969  0.014323  0.078125
  46  1318.675781  1363.328906  0.074219  0.071615
  42  1099.010417  1049.267427  0.136719  0.035156
  62  1311.545573  1263.520833  0.253906  0.723958
  64  1151.411979  1615.792969  0.006510  0.174479
  83  1277.291667  1276.740885  0.002604  0.039062
  43  1297.214844  1279.583333  0.197427  0.111979
  67  1161.656250  1166.302083  0.057292  0.173177
  51  1179.180990  1162.026042  0.015625  0.239583
  76  1215.619792  1281.905469  0.005208  0.094573
  75  1147.309896  1175.044271  0.006510  0.007812
70   955.184896   559.462240  0.000000  0.044271
  79   455.572917   545.622396  0.002604  0.113281
62   174.947106   187.520833  0.251302  0.209635
  68    98.861198    96.806771  0.003906  0.117188
  71  1067.944010  1028.708333  0.130208  0.592448
  51   165.149740   666.399240   0.010417  0.066406
80   73.640625   77.835938  0.010417  0.069010
82  592.880208  294.962240   0.110677  0.598958
64  276.660677  276.462240  0.007812  0.766927
75  162.699219  171.104167  0.001302   0.238281
65  373.480469  378.628302   0.000000   0.180990
71   130.109375   132.886719   301.330729    0.295573   0.399740
  46   593.234375   598.502604  0.074219  0.234375
59  1008.464323  1007.075521  0.003906  0.033854
  39  1018.938802  1019.716146  0.001302  0.095052
  46   180.035156   105.152344  0.001302  0.061198
  74   190.743490   190.533854  0.002604  0.113281
  50   977.562500   795.442188  0.001302  0.136719
  64  1292.912760  1292.968750  0.014323  0.057292
  73  1258.324219  1295.811198  0.092448  0.075521
  43  1014.398438  1014.569010  0.003906  0.036458
  90  1191.990885  1149.260417  0.011719  0.040365
  73  1279.149740  1252.483073  0.091146  0.066406
  55   183.335938   184.273438  0.079427  0.233073
  53  1159.118490  1154.464844  0.071615  0.115885
  74  1240.768229  1249.132219  0.078125  0.062500
  73  1289.870312  1290.972656  0.002604  0.097656
  49  1111.982292  1120.343750  0.002604  0.537760
  46  1055.972656  1055.156250  0.041667  0.074219
  68  1311.885938  1123.098958  0.006510  0.041667
  45  1060.437500  1086.481771  0.006510  0.152344
  46  1063.656250  1060.252604  0.011719  0.132812
  72  1098.567708  1009.290365  0.041167  0.055990
  37  1273.434896  1252.756510  0.013021  0.066406
 281  1011.600260  1061.315104  0.162760  0.045573
  75  1106.596354  1105.238260  0.002604  0.044271
  31  1058.381510  1508.552083  0.010417  0.069010
  50  1116.632812  1612.851562  0.000000  0.100260
  55  1111.644531  1111.260417  0.000000  0.105969
  68  128.496094  124.480469  0.046875  0.062500
87  319.418490  319.606771  0.082031   0.403125
74   81.404948   81.015625   0.001302  0.290365
79  159.382812  159.105469  0.084635  0.062500
80  284.968750  247.971354  0.260417   0.582031
79  453.659375  455.498698   0.146615  0.084635
61  276.239979  275.667969  0.180990  0.320312
67  317.049479  362.315104  0.045573  0.046875
50   84.750000   87.897135  0.005208  0.192708
71  377.320312  376.261719  0.023438  0.052083
77   37.696615   37.394531  0.042969   0.369479
70   563.087240   56.074219   0.000000  0.097656
31  216.972656  261.113281   0.214844  0.063802
62    5.592448    5.524740  0.136719  0.141927
68  322.125000  323.752604  0.006510  0.123698
73    8.483073    8.979167  0.170573  2.041667
43  368.356771  368.554688  0.015625  0.484375
73  237.369792  237.763833  0.148438  0.121094
56  287.096354  288.287760  0.262448   0.204427
55  203.790365  200.342448  0.168490  0.130208
50  162.656250  167.751302  0.006510  0.576823
52  469.207812  416.751302   0.007812  0.266146
51  191.385106  199.009115  0.078125  0.055990
77   29.345052   2.858073  0.093750
89  161.641927  163.812500  0.005208  0.100260
70   38.494010   83.266927  0.175781  0.042969
75  144.257812  144.841146  0.009115  0.032552
86   47.993490   47.712240  0.173177  1.266927
69  178.662760  177.941406  0.177083   0.296875
52  255.916667  255.548177  0.101562  0.096354
43  286.462760  265.000000  0.230469   0.257812
73  307.998698  306.173885  0.070312   0.218750
69   23.197917   23.246094  0.005208  0.050781
59  178.079427  178.208333  0.205729   0.276042
57  150.828125  155.080729  0.048177  0.058594
79  513.084635  369.856771  0.072917  0.059896
54   18.456250   180.031250  0.007812  0.221354  0.470052
74  162.365885  172.380208  0.195312  0.109375
44   47.429688   42.704427  0.009115   0.561198
69  370.651042  362.329427   0.002604  0.054688
52  353.865104  354.255208   0.835938  0.157552
32  323.312000  323.592448  0.203646  0.126302
67  281.425781  281.335438   0.145312   0.097656
58    36.906250    37.869583  0.184896  0.085938
55   554.950521   559.828125  0.402344  0.161458
72  1149.565104  1414.053385  0.033854  0.585938
  73  1035.579427  1039.311198  0.003906  0.065104
  46  1304.464323  1304.371094  0.083333  0.096044
  81  1100.447917  1010.498698  0.016927  0.011719
  95  1012.988490  1011.147135  0.005208  0.096354
  88  1116.020833  1114.027344  0.010417  0.696615
  40  1342.311198  1349.009115  0.009115  0.045573
  56  1399.430990  1408.622396  0.006510  0.018229
  40   105.207031   107.388021  0.009115  0.506510
  58   458.829427   535.261719  0.063802  0.044271
  70   695.234375  1360.695312  0.015625  0.173697
  65  1273.868492  1277.686719  0.006510  0.101562
  71  1146.326875  1144.986458  0.045573  0.108073
  68  1003.080729  1003.135417  0.023438  0.042969
  86  1051.592448  1075.334635  0.157552  0.054688
  81  1005.638594  1056.350260  0.005208  0.229167
  61   748.891927   748.364583  0.075521  0.048177
  58  1290.335938   971.774740  0.125000  0.062500
  51  1305.324219  1330.308594  0.005208  0.067708
  54   225.366406   253.315104  0.092448  0.067708
  56   442.485677   423.544271  0.009115  0.057292
  59  1268.654948  1765.265625  0.001302  0.062500
  75  1110.240885  1111.260417  0.007812  0.483073
71  1100.944010  1018.510417  0.002604  0.048177
  68  1188.805469  1180.671875  0.001302  0.044271
  77  1104.704427  1109.411458  0.093750  0.102865
  73  1149.895833  1197.373698  0.071615  0.127604
  73  1234.254427  1235.921875  0.007812  0.049479
  67  1156.971354  1657.680990  0.001302  0.072917
  43  1004.080729  1089.932292  0.003906  0.066406
  66  1132.932292  1182.363281  0.001302  0.371094
  58  1149.472656  1961.418281  0.102865  0.083333
  52   181.410958   612.670573  0.733073  0.381510
  65   971.023438   979.607552  0.130208  0.067708
  64  1150.955729  1065.067708  0.002604  0.070312
  75  1014.855469  1014.580729   0.134115   0.214844
67   961.690104   690.743490   0.006510   0.285156
81   204.664062   520.028646   0.005208   2.699219
52   761.592448   762.190104  0.019531  0.255208
  67   782.423177   728.458333  0.007812  0.418450
  56   262.600260   261.537760  0.057292  0.044271
  54  1260.500000  1250.921875  0.007812  0.126302
  65  1312.593750  1123.647135  0.281250  0.243490
  72  1323.777344  337.130208  0.003906  0.151042
  27   748.048177   788.611979  0.007812  1.930990
  69   408.735677   498.347654  0.141927  0.223177
  72   213.006510    7.688802  0.006510  0.037760
50  122.972656  122.397135  0.016927  0.453125
3   73.321823   73.143229   0.074219  0.037760
77  397.520833  398.372396   0.007812  0.733594
64  180.886719  107.869792   0.307292  0.082031
48  355.169271  355.448958  0.111979  0.072917
31  428.544894  297.398438  0.111979  0.036458
31  248.013021  249.187500  0.062500  0.074219
74  158.458854  158.679688  0.003906  0.141927
57  187.104167  639.789062  0.054688  0.049479
76  395.622396  349.394531  0.072427  0.153646
64  376.809896  377.958333  0.015625  0.075521
65  117.819010  117.450521   0.241617
  55   501.208333   502.869792  0.000000  0.095000
  54   354.864533   355.930990  0.080729  0.063802
  85   599.885417   458.386719  0.002604  0.214844
  66   733.117188   732.966146  0.035156  0.065104
  58   136.256510   131.822917  0.002604  0.103177
  40  1249.330729  1245.235677  0.072917  0.091146
  74   181.476562   189.869792  0.007812  0.079427
  56   405.3203125  305.380208  0.014323  0.230469
52   121.311979   122.746094  0.005208  0.057292
  81   640.261792   674.337240  0.557292  0.070312
  90   449.805990   449.420883  0.000000  0.268229
  66   871.652344  1283.928385  0.216146  0.046875
  43   105.062500   104.243490  0.205729  0.114583
  35  1302.886406  1125.481771  0.216146  0.204427
  56   877.209635   786.728646  0.000000  0.112760
42   411.096354   411.621094  0.159635  0.179688
72   994.390625   999.615885  0.002604  0.121094
  35   794.494792   795.821615  0.023438  0.101562
  70  1010.750000  1010.886719  0.005208  0.061198
  62  1113.951823  1113.236979  0.003906  0.066406
  79  1055.686198  1054.955729  0.101562  0.049479
  35  1358.196615  1304.605469  0.000000  0.575521
  56   708.660156   851.990885  0.000000  0.311979
  53   408.972656   596.399740  0.029948  1.145833
  64   684.983073   689.816406  0.001302  0.261719
  59   545.3356771  5435.591146  0.003906  0.057292
  47  1301.695312  1103.989583  0.000000  0.029948
  60  1297.794271  1295.395833  0.006510  0.042969
  81  1111.664583  1111.851562  0.223958  0.147135
  65  1065.084635  1065.574219  0.001302  0.076823
  39  1094.390625  1097.325521  1.109375  0.045573
  69  1112.540365  1113.489583  0.092448  0.095052  0.091146
  69  1266.622396  1276.130208  0.002604  0.208333
  46  1185.519531  1151.386719  0.057292  0.145833
  66  1336.180990  1324.490104  0.028646  0.337240
  76  1099.200521  1094.848958  0.009115  0.114583
  76    67.565104    67.381510  0.000000  0.087240
  47  1013.470865  1039.360677  0.026042  0.055990
71  1228.696698  1239.111979  0.701823  0.044271
  50  1167.822135  1167.044271  0.011719  1.145833
  55   868.121906  1339.847135  0.095052  0.221354
  77  1016.670573  1006.601562  0.063802  0.095573
 170  1310.593750  1310.347446  0.000000  0.057292
  89  1304.442188  1054.967448  0.049479  0.095052  1.070312
  66   479.083333   795.545573  0.161458  0.109375
  76   886.934896   868.582031  0.003906  0.160156
  87   415.490885   411.872396  0.082031  0.069010
74   343.550781   349.648438  0.093750  0.055990
82   749.338021   759.949219  0.095052  0.651042
  46   287.937292   278.184894  0.015625  0.764323
  53   818.742188   888.385417  0.061198  0.067708
45   187.980469   851.682292  0.153646  0.042969
  54   723.365885   727.600260  0.020833  0.225260
  85   738.973958   784.098958  0.013021  0.710938
54  1086.949219  1038.807292  0.000000  0.062500
  71   600.720052   680.052083  0.072917  0.044271
  94   466.730469   466.484375  0.001302  0.040365
  73   435.072917   345.826823  0.000000  0.115885
  53    75.346354    74.777344  0.000000  0.013021
  71  1330.636719  1321.521615  0.018229  0.197917
  40  1046.700521  1096.220052  0.041667  0.035156
  66  1279.962240  1260.514531  0.002604  0.066406
  75  1314.675750  1319.554688  0.000000  0.466667
  66   954.882812   549.722167  0.045573  0.213542
  73   995.622604   990.095052  0.002604  0.070312
  80   741.729167   726.126302  0.003906  0.402344
  80   818.557292   888.600260  0.248958  0.242188
  94   503.212240   504.434896  0.002604  0.044271
  43   507.390625   505.532552  0.005208  0.177083
  58   440.152344   451.670573  0.217448  1.170573
  74   243.057292   242.354167  0.001302  0.792969
  76   776.498385   767.812500  0.055990  0.361979
  38   647.979167   647.394531  0.013021  0.111979
  50   505.229167   553.990885  0.005208  0.078125
54   020.739583   0.003906  0.160156
76  305.136719  305.759115  0.019531   0.602865
72  362.493490  317.617188  0.009115  0.194010
50  352.351562  358.681510  0.197917   1.174479
72  391.790365  393.035156  0.207031  0.067708
33  242.707031  234.830729  0.234375   0.470052
89   37.709635   37.161458  0.002604  0.347167
61   38.132812   38.053385  0.302083   0.200521
64  304.583333  355.487260  0.000000  0.085938
54  310.936198  313.059896  0.020833  0.070312
  35   499.908854   990.162760  0.089844  0.052083
  83  1280.234375  1282.483073  0.091146  0.069010
  88  1015.075521  1015.007812  0.020833  0.285156
  55  1102.098958  1101.287760  0.014323  0.029948
  67  1128.740885  1128.911458  0.000000  0.045573
  44   511.074219   602.214844  0.020833  0.225260
  66   458.548177   455.319010  0.040365  0.044271
58   476.834635   642.875000  0.275521  0.309896
  64   455.626302   455.325521  0.010417  0.196615
  60  1087.347656  1088.273438  0.152344  0.059896
  74  1042.980969  1047.821323  0.010417  0.067708
  69  1118.108071  1111.325521  0.003906  0.480469
  58   515.615885   365.654948  0.001302  0.040365
  52   418.700521   449.921875  0.001302  0.055990
  77   996.813802   999.427083  0.001302  1.313802
  59  1374.861979  1268.507292  0.007812  0.080729
  39  1356.220865  1535.200833  0.072917  0.207031
  57  1375.549479  1256.593750  0.002604  0.078125
  37  1169.763021  1146.583333  0.023438  0.072917
  56  1003.207031  1003.253906  0.050781  0.420573
  73  1023.932292  1023.697135  0.006510  0.075521
  88  1437.895833  1479.442708  0.078125  0.020833
  80  1285.886719  1258.315804  0.100260  0.087240
  59   704.559896   951.621094  0.019531  0.037760
  75   403.537760   495.800781  0.518229  1.351562
58   458.373698   455.550781  0.005208  2.707031
  80   632.921875   866.269531  0.006510  0.2083333  0.308594
  69   813.235677   883.372917  0.009115  0.050781
  46   404.522135   400.438802  0.006510  0.074219
  44   337.587240   386.589844  0.059896  0.071615
  73  281.825521  281.789552  0.100260  0.187500
66  195.465365  149.359375  0.098958  0.048177
69  335.708333  335.621094  0.006510  0.282552
  39   697.915365   695.957242  0.109375  0.154948
  60   689.329427   699.679688  0.002604  0.265625
  77   511.016927   261.990885  0.123698  0.134115
  59    49.031250    97.100260  0.020052  0.088542
  34   453.832031   453.289062  0.072917  0.050781
  51   834.161458   835.121094  0.135417  1.169271
  61   786.130208   767.535156  0.049479  0.188802
  92   329.688802   384.872396   0.335938   0.100260
72   868.656250   860.365885   0.001302   0.037760
80  209.406250  209.841667   0.210938  0.437500
67  256.630208  257.826823  0.000000   0.272135
72   375.790365   376.085938    0.360677   0.432292
43   745.070833   745.665325  0.463542  1.130208
87  1479.924479  1479.024740   0.000000   0.005208
67  269.242188  266.947917   0.125000  0.109375
33  290.381510  299.028646  0.226562   0.238281
52  129.166667  129.225260  0.000000  0.162760
71  375.658854  375.600260  0.006510  0.093750
42  393.248698  340.803385  0.145833  0.158854
73  587.040365  588.209635  0.009115  0.148438
48  564.816406  534.194010   0.003906  0.110677
03  182.854167  182.270833  0.183594   0.787760
56   23.141427   23.063802  0.190104  0.046875
83  243.966146  244.725260  0.005208  0.054688
88  226.927083  225.217448  0.173177   0.283844
90  373.898938  372.858073  0.002604  0.082031
67   49.899740   40.871094   0.010417  0.053698
62  355.795573  355.289062   0.006510  0.653646
84  335.691927  384.285156  0.002604  0.075521
45  151.420573  156.563802  0.010417  0.170573
54   92.175781   94.092448  0.195312  0.162760
74  541.588542  475.552083  0.093750  0.045573
45  129.372396  129.365885  0.009115  0.447917
67   98.716146   99.979167   0.005208  0.255208
69  570.399740  570.886719   0.076823  0.690104
96  269.319010  210.351562  0.074219  0.054688
65  219.838542  231.807292  0.007812  0.029948
76  161.328125  166.330729  0.018229  0.079427
73  358.188802  354.988281  0.006510  0.067708
72  399.067708  399.744792  0.156250  0.107552
73  351.901042  356.800781  0.001302  0.470052
53  357.089844  355.507812  0.152344  0.154948
51   63.743490   66.022135  0.192708  0.130208
50  354.976562  355.916667  0.102865  0.101562
52  371.946615  375.298177  0.035156  0.462240
67   50.389323   55.605469  0.010417   0.100260
82  312.552083  311.794271  0.036458   2.049479
76  135.269531  135.462240  0.009115  0.102865
60  268.600260  326.688802   0.000000  0.192708
73  395.319010  340.303698   0.002604  0.057292
48  378.679167  587.187500   0.000000  0.441406
77  274.875000  257.100260  0.177083  0.075521
36  358.196615  395.569010  0.007812  0.282552
41  516.536458  266.037552   0.079427  0.140625
91  554.362571  535.151042   0.001302  0.263021
75  315.307292  363.658854  0.022135  0.414062
52  158.376302  158.731771  0.072917  0.040365
68  286.622396  378.903646  0.010417  0.072917
79  237.485677  226.760417   0.014323  0.175781
50  278.914062  253.790365  0.087240  0.093750
52   31.475260   31.785156  0.000000  0.066408
61  554.304685  548.046875   0.199219   0.079427
79  243.917969  424.386719  0.022135   0.751302
51  377.985156  375.105469  0.095052   0.059896
66  360.399740  360.419271  0.100260   0.236979
79    5.928385    5.980469  0.184896  0.104167
67  407.925781   93.972685  0.007812  2.654948
76  145.842448  145.380208  0.074219  0.045573
39  396.888021  396.361979  0.000000  0.166667
64  342.696615  344.207031  0.005208  0.098958
34   95.773438   95.955333  0.111979  0.408854
63  399.826823  390.641927  0.164062  0.238281
48  327.772135  378.532552  0.007812  0.062500
74  319.869792  390.884115  0.001302  0.673177
43  458.980469  545.867188  0.199740  0.101562
78  150.225260  156.509115  0.178052  0.072917
39  351.006510  325.946615  0.011719  0.046875
45  354.131510  355.321354  0.123125  0.070312
82  398.998698  389.542969  0.016927  0.128906
63  104.992188  109.108073  0.080729  0.095052
70   34.713542   34.452344  0.132812  0.230469
52  296.875000  205.769531  0.003906  0.440104
61    44.968750    95.631510  0.009115  0.955729
  46   224.934896   22.666667  0.141927  0.140625
34   13.139323   13.373698  0.001302  0.627604
59   93.430990   93.313802  0.005208  0.044271
65  274.788231  267.326823  0.201823  0.037760
56  285.052896  287.699219  0.070312  0.041667
42    4.166667    4.760417  0.170573  0.247188
56  198.678385  419.861198   0.000000  0.317708
76  337.720052  337.998698  0.177083  0.057292
52  443.608073  446.277344  0.162760  0.218750
84  349.947917  393.722656  0.021354  1.067760
55  322.861979  323.722656  0.005208  0.153646
55   90.998698   99.300260  0.059896  0.041667
58  116.063802  161.867188  0.192708  0.079427
77  380.992188  385.305990  0.002604   0.747396
31   172.170573   121.756510   0.010427   0.152344
60    29.619792    28.959635  0.570312   0.059896
70   375.446094   357.347656  0.075219  0.075521
  35   591.023438   599.398438  0.164062  0.186198
  78  1248.867188  1245.579427  0.197917  0.042969
  33  1108.785156  1109.838542  0.001302  0.386719
  65  354.160156  354.001302  0.002604  0.052083
48  253.866667  258.653656  0.001302  0.354167
63   35.285156   37.513221  0.002604  0.102865
41  366.678385  363.717448  0.023438  0.049479
71  249.783854  249.106771  0.003906  0.359375
71  149.204948  148.838542   0.002604  1.057292
80  170.421875  170.005208   0.100260  0.368490
52  345.450521  345.503906  0.007812   0.532552
48  388.102865  385.304688   0.003906  0.062500
82  292.915365  297.213542  0.000000  0.170573
72  346.545573  346.296875   0.005208  0.729167
48  455.932292  545.359375  0.072917  0.055990
75   58.410156   58.619792  0.001302  0.135417
72    5.257812    5.480469  0.000000  0.055990
49  411.093750  411.680990   0.214844  1.074219
76  373.368490  327.178385   0.315104  0.144531
80  519.990885  408.953125   0.002604  0.078125
74  381.083333  382.226562   0.003906  0.034062
28   27.010417   25.343750  0.173177  0.042656
45  224.993490  243.372396  0.178385  0.048177
65  290.152344  291.190625  0.001302  0.165365
73  348.755208  348.722656  0.006510   0.335938
43    7.121094    7.020833  0.178385  0.054688
42  394.787769  395.860677  0.002604  0.031250
50  427.122396  427.789062  0.020833  0.105469
65  561.891927  546.499219   0.003906  0.050781
89   46.595052   46.531250  0.102865  0.102865
47  224.187500  273.394531  0.020833  0.175781
51   86.339846   86.1