74    1.023438    1.085938  0.000000  0.062500
70    1.102865     1.131510  0.000000  0.045573
73    12.906250    12.996094  0.154948  0.033854
75    12.837240    12.911458  0.000000  0.082031
72    12.703125    12.664062  0.003906  0.001302
72    12.378906    12.386719  0.006510  0.048177
78    12.634115    12.644531  0.001302  0.053385
71    12.838542    12.937500  0.000000  0.070312
34     1.700521     1.790365  0.113281  0.238281
52     1.210938     1.464844  0.000000  0.316406
  53     1.326823     1.489583  0.001302  0.257812
  81    12.516927    12.572917  0.135417  0.035156
  81    12.528646    12.588542  0.000000  0.075521
77    12.533854    12.664062  0.132812  0.091146
79    12.582031    12.666667  0.187500  0.092448
52    12.565104    12.621094  0.000000  0.085938
74    12.708333    12.765625  0.001302  0.063802
48    12.731771    12.826823  0.003906  0.157552
91    12.654948    13.023438  0.001302  0.308594
52    15.269531    15.433594  0.001302  0.183594
  35    15.227865    15.404948  0.024740  0.447917
  62    15.332031    15.595052  0.203125  0.178385
  70    15.285156    15.436198  0.059896  0.205729
  50    15.489583    15.548177  0.059896  0.033854
  82    15.381510    15.548177  0.053385  0.128906
  70    15.235677    15.353094  0.003906  0.179688
  64    15.408854    15.630208  0.007812  0.187500
  54    15.058594    15.763021  0.015625  0.850260
  33    15.233073    61.268229  0.009115  0.248698
  83    15.507812    15.626302  0.002604  0.126302
  49    15.486979    15.777344  0.006510  0.234323
  71    15.070312    15.312500  0.169271  0.148438
  72     6.269531    61.438802  0.092448  0.256510
55    62.096354    62.380208  0.003906  0.285156
79    62.238281    62.429688  0.164062  0.199219
82    62.123698    62.760417  0.239583  0.688802
75    15.492188    62.029948  0.002604  0.597656
58    63.304688    63.488281  0.003906  0.134115
67    63.337240    63.359375  0.005208  0.087240
75    63.476562    63.540365  0.141927  0.058594
64    63.744792    63.790365  0.009115  0.032552
79    63.967448    64.072917  0.000000  0.132812
67    46.805990    47.087240  0.477865  0.792969
53    47.177083    48.187500  0.144531  1.148438
  45    47.003906    48.147135  0.164062  0.191406
76    47.187500    47.829427  0.007812  0.313802
59    47.037760    47.235677   0.221354   0.220052
48    47.061198    47.330729   0.187500   0.256510
58    47.286458    47.477865   0.313802   0.162760
65    47.098958    47.156250   0.088542   0.122396
68    47.138021    47.908854   0.170573   0.257812
61    47.273438    47.687500   0.011719   0.355469
72    47.020833    47.284375   0.009115   0.239583
43    47.126302    47.352865   0.001302   0.251302
63    47.126302    47.180990   0.035156   0.070312
56    47.143229    47.382812   0.005208   0.397135
49    47.270833    47.623698   0.022135  1.315104
59   40.167969   40.226562   0.020833  0.250000
73   40.320312   40.757812   1.273438  1.421875
58    4.544271    4.673177    0.506510  0.725260
46   41.020833   41.555990  0.761719   1.052083
73   41.292969   41.562500  0.097656   2.169271
62   41.006510   41.510417   0.292969  0.683594
35   41.076823   41.363281   0.182292  0.286458
77   41.373698   41.770833   0.041667  0.390625
67   41.322917   41.683594  0.000000   0.367188
54   41.023438   41.200521  0.171875   0.164062
72   41.225260   41.579427  0.449219   0.424479
67   41.429688   41.587240  0.014323   0.221354
62   41.045573   41.274740   0.227865  0.350260
50   41.084635   41.283854   0.338542  0.265625
50   41.000000   41.265625   0.000000  0.270833
79   41.292969   41.776042  0.097656   3.552083
57   40.054688   41.308594  0.031250   0.350260
47   40.207031   40.462240  0.010417   0.286458
51   40.272135   40.820312  0.147135   0.210938
69   40.230469   40.401042  0.191406   0.098958
65    4.687500    5.264323  0.207031   0.410156
53    4.652344   40.926354  0.365885   0.325521
63   40.148438   40.861979  0.205729   0.302083
78    4.727865    4.873698  0.042969  0.209635
73    4.665365    3.839844  0.145833  0.240885
59    4.084635    4.587240  0.162760  0.325521
49    4.083333    4.208333  0.003906  0.201823
60    4.385417    5.453125  0.006510  1.045573
45    4.377604    3.735677  0.207031  0.583333
73    3.755208    4.131510  0.104167  0.558594
33    4.772135    4.888021  0.006510  0.246094
70    4.647135    4.812500  0.138021   0.164062
67    4.933594    4.752604  0.110677   0.162760
78    4.829427    4.975260  0.007812   0.230469
48    4.773438    3.910156  0.003906  0.976562
66    9.020833   40.156250  0.020833  0.260417
73    4.912760    5.115885  0.013021  0.233073
71    4.932292    4.785156  0.220052   0.251302
76    4.680990    4.809896  0.002604   0.251302
73    4.985677    5.040365  0.006510   0.200521
58    5.020833    6.148438  0.692708   0.230469
47    6.048177    6.108073   0.003906  0.119792
75    7.013021    7.339844  0.235677   0.442708
65    7.506510    8.546875  0.209635   1.010417
48    7.290365    7.510417  0.197917   0.238281
72    7.114583    7.529948  0.006510   1.872396
51    7.971354    8.200521  0.287760   0.542969
53    7.944010    8.360677  0.195312   0.527344
63    8.022135    8.170573  0.003906   0.217448
60    7.872396    8.382812  0.203125   0.326823
33    8.028646    8.522135   0.160156  0.821615
66    7.579427    7.800781   0.010417  0.260417
73    7.944010     7.191406   0.042969   0.562500
28     7.683594     7.930990   0.238281   0.334635
65     7.567708     7.734375   0.316406   0.208333
65    70.677083    70.643229   0.095052   0.119792
80    78.742188    78.803385   0.003906   0.082031
52    78.558594    78.979167   0.006510   0.496094
48    78.772135    79.250000   0.036458   0.532552
58    79.618490    97.924479   0.003906   0.321615
70    79.839844    80.177083   0.045573   0.423177
68     8.877604     8.880208   0.098958   0.106771
56     8.825521     9.626302   0.279948   0.528646
75    98.007812    98.430990   0.019531   0.427083
46    98.070312    98.256510   0.003906   0.196615
61    92.967448    93.050781   0.085938   0.085938
68    92.884115    93.040365   0.226562   0.186198
87    40.619792    40.772135   0.032552   0.235677
73    49.927083    49.972656   0.154948   0.123698
65    49.649740   401.855469   0.001302   0.338542
42   409.434896   400.799479   0.001302   0.792969
56    49.680990    50.062500   0.009115   0.563802
78    49.864583    50.046875   0.282552   0.220052
68    46.046875    46.335938   0.018229   0.276042
84    46.013021    46.472656   0.014323   0.505208
43   410.733073   410.848958   0.196615   0.100260
67   410.846354   410.860677   0.093750   0.040365
84   410.964844   411.032552   0.006510   0.052083
46   419.235677   419.343750   0.007812   0.148438
51   411.878906   411.994792   0.003906   0.046875
83   411.915365   412.065104   0.054688   0.123698
46   411.986979   412.058594   0.000000   0.109375
48   411.816406   411.882812   0.007812   0.088542
55   411.739583   411.835938   0.001302   0.201823
79   411.664062   411.638021   0.000000   0.121094
49   411.945312   412.040365   0.003906   0.128906
48   411.089844   411.212240   0.093750   0.100260
53   411.162760   411.212240   0.087240  0.042969
38  214.298177  214.322917   0.000000  0.054688
61  214.354167  214.347656   0.408854  0.820312
58  214.671875  214.802083   0.001302  0.187500
45  214.755208  215.123698   0.006510  0.310104
68  214.997396  215.858073   0.003906  0.398438
64  214.967448  215.088542   0.080729  0.126302
67  214.998698  215.028646   0.250000  0.039062
57  214.979167  215.048177   0.003906  0.046875
38  215.076823  215.100260   0.003906  0.036458
74  211.626302  211.729167   0.005208  0.162760
69  216.954427  221.976562   0.000000  0.190104
67  221.147135  221.222656   0.200521  0.039062
59  221.378906  221.447917   0.006510  0.032552
52  221.287760  221.375000   0.018229  0.122396
69  221.401042  221.423177   0.005208  0.042969
55  221.475260  221.608073  0.132812  0.041667
53  221.609375  221.608073  0.055990  0.050781
48  212.696615  212.707031  0.123698  0.049479
45  217.395833  217.341146  0.106771  0.041667
86  217.657552  217.785156  0.084635  0.125000
58  217.602865  217.765625  0.006510  0.235677
81  217.605469  217.790365  0.118490  0.153646
55  217.743490  218.088542  0.320312  0.75393

4  127.875000  128.826823  0.227865  0.505208
73  127.967448  128.382812  0.213542  0.486979
52  218.763021  219.209635  0.002604  0.515625
57  219.907552  219.990885  0.093750  0.065104
41  291.105469  291.194010  0.002604  0.140625
52  291.101562  291.166667  0.000000  0.037760
76  291.141927  291.106771  0.014323  0.044271
83  291.071615  291.102865  0.001302  0.053385
58  291.985677  292.007812  0.037760  0.080729
52  219.947917  221.065104  0.085938  0.110677
80  219.972656  220.005208  0.000000  0.058594
50  220.059896  220.135417  0.132812  0.087240
62  220.084635  220.380208  0.109375  0.358073
63  202.123698  202.132812  0.002604  0.052083
52   22.619792   22.575521  0.074219  0.069010
56   22.535156   22.619792  0.095052  0.044271
80    25.026042    25.117188  0.002604  0.053385
63    25.029948    25.063802  0.005208  0.045573
81    25.026042    25.072917  0.002604  0.062500
45    25.057292    25.059896  0.006510  0.041667
75    25.555990    25.608073  0.045573  0.075521
48    25.605469    25.631510  0.005208  0.040365
79    25.880208    25.876302  0.010417  0.027344
70    25.776042    25.830729  0.019531  0.067708
61    25.981771    25.983073  0.128906  0.072917
  69    25.080729    25.243490  0.001302  0.122396
82    25.365885    25.509115  0.006510  0.239583
52    25.468750    25.601562  0.006510  0.128906
75    25.430990    25.582031  0.002604  0.105469
43    25.486979    25.595052  0.003906  0.127604
68    25.735677    25.854167  0.003906  0.149740
67    25.850260    26.013021  0.214844  0.325521
  66    25.085938    25.342448  0.087240  0.148438
  55    25.272135    25.367188  0.028646  0.028646
82     5.292969     5.398438  0.006510  0.052083
87    25.398438    25.541667  0.001302  0.101562
35    25.346354    25.473958  0.000000  0.212240
72    25.553385    25.518229  0.345052  0.045573
63    25.940104    26.015625  0.003906  0.040365
64    25.975260    26.011719  0.031250  0.041667
58    25.933594    25.984375  0.105469  0.078125
81    25.982552    26.055990  0.000000  0.087240
75    24.688802    24.772135  0.108073  0.097656
76    24.959635    25.971354  0.001302  0.098958
  40    25.027344    25.006510  0.104167  0.029948
  76    25.106771    25.240885  0.009115  0.188802
76    25.351562    25.504115  0.001302  0.144531
69    25.292969    25.877604  0.000000  0.247396
56    25.204427    25.434896  0.006510  0.313802
79    25.126302    25.131510  0.035156  0.093750
78    25.348958    25.427083  0.005208  0.108073
75    25.248698    25.425781  0.000000  0.214844
69    25.373698    25.522135  0.000000  0.183594
73    25.555990    25.838542  0.000000  0.307292
58    25.522135    25.755208  0.165365  0.428385
63    25.630208    25.875000  0.007812  0.188802
24    25.489583    25.593750  0.164062  0.105469
69    25.786458    26.545573  0.003906  0.533854
66    24.677083    25.738281   0.029948   0.505208
73    25.093750    52.162760   0.210938   0.135417
66    25.006510    25.825521   0.026042   0.296875
48    25.535156    25.783854   0.036458   0.365885
51    25.515625    26.673177   0.223958   0.529948
62    25.877604    26.053385   0.000000   0.230469
55    25.575521    25.773438   0.007812   0.233073
32    25.761719    26.018229   0.225260   0.305990
63    26.415365    26.750000   0.006510   0.296875
32    26.440104    26.583333   0.016927   0.223958
55    26.777344    24.894531   0.022135   0.470052
48    26.134115    26.132812   0.014323   0.119792
60    26.398438    26.286458   0.003906   0.218750
65    26.160156    26.233073   0.002604   0.128906
87    26.158854    26.425781   0.003906   0.347656
61    26.320312    26.445312   0.010417   0.075521
55    26.325521    26.378906   0.157552   0.074219
48    25.136719    25.223958   0.039062   0.134115
86    25.234375    25.270833    0.238281   0.121094  0.032552
76  201.325521  201.610677   0.009115  0.365885
56  201.442708  202.128906   0.000000  1.134115
52  202.020833  202.367188   0.015625  0.473958
76  202.648438  202.966146   0.001302  0.373698
69  201.813802  202.160156   0.260417  0.868490
76  201.878906  202.009115   0.003906  0.173177
73  201.966146  202.007812   0.248698  0.100260
59  202.020833  202.065104   0.037760  0.032552
64  202.139323  202.234375   0.011719  0.061198
21  202.164062  202.238281   0.001302  0.058594
61  202.380208  202.454427   0.000000  0.115885
76  200.433594  202.388021   0.425781  0.121094
35  201.067708  201.395833   0.001302  0.895833
52  201.381510  201.929688  0.014323   1.302083
66  201.239583  201.368490  0.092448   0.104167
64  201.132812  201.335938  0.009115   0.382812
55  201.632812  201.927083  0.106771   0.386719
70  201.610677  201.964844  0.100260   0.863281
57  215.830729  216.188802  0.210938   0.212240
62  216.128906  216.421875  0.088542   0.335938
71  216.167969  216.367188  0.126302   0.160156
69  216.208333  211.523438  0.000000   0.386719
73  210.944010  211.567708  0.752604   0.746094
56  210.210938  210.776042  0.329427   1.266927
48  210.395833  210.773438  0.049479   1.309896
35  210.256510  210.880208  0.292969   0.731771
67  210.122396  210.240885   0.010417  0.130208
78  210.213542  210.338542   0.006510  0.087240
73  210.388021  210.471354   0.003906  0.100260
73  210.384115  210.523438   0.000000  0.191406
35  210.472656  210.576823   0.000000  0.032552
59  210.296875  210.382812   0.005208  0.033854
52  210.229167  210.214844   0.010417  0.044271
72  210.308594  210.311198   0.001302  0.041667
74  210.227865  210.148438   0.005208  0.045573
64  210.268229  210.270833   0.007812  0.070312
83  210.328125  210.388021   0.000000  0.067708
73  210.279948  210.608073   0.013021  0.720052
71  210.377604  210.542969   0.006510  0.308594
48  211.472656  212.125000   0.002604  0.790365
62  214.101562  214.544271   0.247396  0.822917
69  214.444010  215.402344   0.000000  0.618490
67  215.350260  215.496094   0.000000  0.177083
68  215.484375  215.483073  0.082031  0.089844
56  215.319010  215.403646  0.100260  0.083333
60  215.522135  215.476562  0.117188  0.041667
56  215.610677  215.674479  0.097656  0.104167
81  216.479167  216.654948  0.135417  0.126302
89  125.063802  125.082031  0.058594  0.048177
50   62.005208   62.063802  0.145833  0.048177
40    6.578125    6.588542  0.126302  0.065104
81    6.324219    6.399740  0.054688  0.036458
57    5.048177    5.143229  0.066406  0.054688
54     5.593750     5.764323  0.003906  0.144531
  53    51.377604    51.407552  0.115885  0.054688
  80    51.496094    51.468750  0.007812  0.044271
  47    50.428385    50.433594  0.083333  0.029948
  94    50.635417    50.640625  0.055990  0.069010
  45    50.565104    50.640625  0.027344  0.102865  0.097656
75  152.734375  152.845052  0.123698  0.092448
74  152.976562  153.061198  0.013021  0.045573
52  153.024740  153.082031  0.005208  0.029948
74  153.045573  153.164062  0.078125  0.100260
49   63.460938   63.507812  0.098958  0.088542
77   63.690104   63.733073  0.108073  0.075521
76   63.678385   63.770833  0.183594  0.154948
69   63.657552   63.664062  0.089844  0.052083
90   65.036458   65.138021  0.158854  0.040365
74   65.058594   65.083333  0.013021  0.052083
80   65.063802   65.220052  0.000000  0.132812
71   65.220052   65.361979  0.076823  0.149740
62   65.290365   65.566406  0.132812  0.411458
57   65.389323   65.652344  0.194010  0.286458
78   65.175781   65.398438  0.251323  0.082031
73   65.425781   65.622396  0.154948  0.195312
67   65.486979   65.850260  0.342448  1.233073
33   65.083333   65.574219  0.042969  0.455729
62   65.428385   65.621094  0.170573  0.195312
78   63.865885   63.991667  0.002604  0.138021
57   51.906250   51.972656  0.117188  0.048177
60    5.687500    5.743490  0.002604  0.052083
70    5.733073    5.830729  0.005208  0.123698
51    5.848958    5.864583  0.002604  0.046875
50    5.630208    5.744792  0.136719  0.128906
71    5.960938    6.756510  1.048177  1.128906
51    5.750000    5.829427  0.338542  0.111979
6    5.536458    5.660156  0.167969  0.140625
57     5.432292    51.735677  0.001302  0.236979
  97    55.054688    55.070312  0.020833  0.032552
  86    55.029948    55.075521  0.080729  0.114583
  94    55.179688    55.203125  0.089844  0.084635
  48    56.337240    56.653646  0.009115  0.321615
60    50.427083    50.925781  0.001302  0.675781
64    50.123698    50.339844  0.307292  0.256510
70    50.316406    50.723958  0.002604  0.382812
35    53.453125    53.742188  0.000000  0.312500
68    55.188802    55.084635  0.003906  0.182292
67    53.496094    53.546875  0.000000  0.050781
41    53.638021    53.756510   0.010417   0.123698
51    53.678385    53.669271   0.080729   0.100260
80    55.003906    55.123698   0.006510   0.135417
65    54.524740    54.805990   0.002604   0.363281
48    54.519531    54.756510   0.015625   0.251302
67    54.683594    56.131510   1.417969   0.582031
75   500.697917   510.855469   0.019531   0.246094
66   367.143229   367.447917   0.221354   0.337240
64   367.348958   367.584635   0.005208   0.250000
51   367.555990   367.755208   0.188802   0.216146
82   367.580729   367.871094   0.020833   0.398438
57   367.529948   367.635417   0.000000   0.210938
67   367.634115   367.859375   0.199219   0.141927
77   367.701823   367.760417   0.033854   0.066406
65   367.661458   367.846354   0.000000   0.204427
84   367.860677   367.898438   0.001302   0.039062
44   367.821615   367.773438   0.001302   0.049479
54   367.901042   367.997396   0.102865   0.044271
49   367.860677   367.835938   0.007812   0.096354
75   367.889323   367.811198   0.126302   0.036458
83   367.808594   367.848958   0.108073   0.085938
58   510.710938   511.065104   0.502604   0.343750
51   519.432292   519.625000   0.005208   0.244792
36   519.647135   570.770833   0.164062   0.792969
51   519.779948   520.738281   0.000000   0.497396
65   519.962240   521.239583   0.494792   0.308594
71   519.996094   519.826823   0.005208   0.076823
54   476.001302   476.149740   0.023438   0.102865
58   476.105469   476.130208   0.078125   0.083333
32   467.122396   476.201823   0.024740   0.082031
89   471.557292   471.635417   0.001302   0.039062
53   471.871094   471.847656   0.000000  0.036458
51  426.899740  427.003906   0.143229  0.164062
80  426.996094  427.118490   0.251302  0.207031
78  421.825521  422.074219   0.175781  0.230469
57  426.929688  427.230469   0.169271  0.286458
37  427.024740  427.937500   0.000000  0.187500
59  427.170573  427.589844   0.001302  0.897135
74  242.433594  242.733073   0.001302  0.740885
50  242.596354  242.821615   0.005208  0.200521
66  242.634115  242.680990   0.003906  0.040365
66  242.574219  242.623698   0.005208  0.028646
87  242.653646  242.763021   0.000000  0.108073
83  242.761719  242.742188   0.184896  0.050781
32  247.023438  247.102865   0.000000  0.108073
49  247.106771  247.296875   0.248698  0.147135
66  247.302083  247.648438   0.009115  0.885417
44  247.483073  247.703125   0.247396  0.251302
57  427.263021  427.820312   0.180990  0.287760
71  427.615885  427.740885   0.179688  0.182292
66  427.454427  427.792969   0.174479  0.488281
32  427.438802  427.393229   0.162760  0.075521
58  472.200521  427.296875   0.002604  0.131510
28  427.377604  427.548177   0.036458  0.218750
56  427.270833  427.033854   0.026042  0.178385
64  427.177083  427.365885   0.016927  0.100260
59  427.260417  427.408854   0.222656  0.203125
49  422.545573  422.567708   0.104188  0.001302
57  422.502604  424.727865   0.203125  0.348958
53  422.708333  422.846354   0.233073  0.001302
45  244.833333  245.872396   0.005208  0.352865
50  246.924479  247.121094  0.076823   0.358073
62  247.029635  247.230469   0.000000  0.427083
74  247.352865  247.367188   0.001302  0.058594
45  247.273438  247.381510   0.009115  0.033854
64  247.519531  247.539062   0.023438  0.035156
65  247.08463