74    1.023438    1.085938  0.000000  0.062500
41    1.855469    1.865885  0.138021  0.048177
22    1.746094    1.725260  0.003906  0.032552
75    1.937500    2.031250  0.002604  0.134115
71    1.924479    2.203125  0.266927   0.269531
54    2.019531    2.539062  0.791667   0.984375
50    2.643229    3.093750  0.290365   0.805990
64    2.221354    2.466146  0.216146   0.334635
64    2.540365    3.242188  0.010417   0.639323
71    3.463542    3.657552  0.003906   0.144531
55    3.575521    3.813802  0.001302   0.253906
64    3.729167    3.971354  0.187500   0.261719
40    3.740885    3.881510  0.135417  0.204427
73   31.955729   32.048177  0.201823  0.132812
66   31.996094   31.964844  0.115885  0.055990
31   31.944010   31.993490  0.139323  0.084635
60   31.954427   31.985677  0.065104  0.053385
81   31.949219   31.981771  0.411458  0.058594
70   31.984375   32.022135  0.001302  0.041667
53   31.929688   31.981771  0.078125  0.069010
78   31.904948   31.981771  0.011719  0.049479
51   30.954427   31.063802  0.000000  0.092448
60   30.921875   31.075521  0.220052  0.063802
41   30.996094   31.035156  0.156250  0.045573
51   30.944010   30.983073  0.002604  0.045573
70   31.947917   31.955729  0.013021  0.042969
69   31.994792   31.976562  0.010417  0.057292
57   31.951823   32.006510  0.001302  0.066406
57   32.070312   32.058594  0.031250  0.036458
71   32.134115   32.200521  0.132812  0.093750
88   32.242188   32.419271  0.207031  0.236979
67   32.251302   32.376302  0.252604   0.140625
69   32.424479   32.625000  0.229167   0.203125
50   32.526042   32.649740  0.179688   0.140625
64   32.576823   32.750000  0.035156   0.216146
67   32.654948   32.752604   0.000000  0.207031
61   32.799479   32.843750   0.007812  0.147135
81   33.869792   34.269531  0.032552   0.359375
58   33.955729   34.282552  0.203125   0.341146
72   34.222656   34.402344  0.024740   0.164062
66   34.450521   34.548177  0.207031   0.141927
75  340.144531  340.363281   0.160156  0.244792
74  341.085938  341.496094   0.207031  0.351562
57  341.276042  341.608073   0.001302  0.552083
66  341.489583  342.462240   0.001302  0.601562
81  342.437500  342.649740  0.450521   0.217448
79  343.375000  343.946615  0.187500   0.566406
64  343.464844  343.822917  0.033854  0.282552
72  343.605469  343.759115  0.131510  0.143229
65  343.713542  343.813802  0.113281  0.087240
58  334.114062  334.188802  0.033854  0.074219
49  334.126302  334.194010  0.007812  0.046875
70  334.001302  334.354167  0.006510  0.274740
50  334.040365  334.265625  0.005208  0.248698
80  334.454427  334.634115  0.136719  0.212240
62  343.467448  343.705729  0.250000  0.255208
37  343.364583  343.540365  0.119792   0.207031
37  334.253906  334.463542  0.023438   0.233073
71  334.335938  334.630208  0.000000   0.309896
42  333.492188  334.386719  0.108073   0.369792
60  334.363281  334.826823  0.001302   0.286458
66  334.968750  334.968750  0.001302  0.048177
73  340.453125  340.476562  0.003906  0.050781
53  340.501302  340.593750  0.020833  0.078125
84  340.494792  340.593750  0.084635  0.092448
60  345.111979  345.166667  0.079427  0.080729
62  345.315104  345.291667  0.003906  0.074219
84  345.445312  345.591146  0.096354  0.119792
50  345.381510  345.397135  0.036458  0.046875
42  345.514323  345.704427  0.114583  0.165365
39  345.498698  345.458333  0.002604  0.031250
81  345.537760  345.618490  0.013021  0.036458
79  345.555990  345.596354  0.002604  0.072917
67  345.684896  345.747396  0.000000  0.075521
81  354.167969  534.283854  0.027344  0.072917
45  354.381510  345.458333  0.057292  0.072917
62  354.355469  354.529948  0.020833  0.182292
76  354.380208  354.482292  0.001302  0.059896
29  355.243490  355.421875  0.039062  0.164062
43  355.257812  355.419271  0.003906  0.092448
69  355.229167  355.294271  0.088542  0.087240
84  355.554688  355.631510  0.032552  0.050781
83  355.555990  355.604167  0.084635  0.036458
37  355.528646  355.542969  0.080729  0.032552
89  355.632812  355.690104  0.031250  0.039062
48  355.730469  355.700521  0.067708  0.041667
81  355.914062  355.962240  0.001302  0.052083
44  355.889323  355.833333  0.085938  0.032552
53  355.842448  355.850260  0.084635  0.036458
84  355.718750  355.718750  0.123698  0.066406
45  356.059896  356.109375  0.000000  0.062500
81  356.095052  356.145833  0.000000  0.039062
84  356.040365  356.192708  0.003906  0.317708
49  356.354167  356.704427  0.393229  0.434896
36  356.244792  356.595052  0.000000  0.364583
56  356.582031  357.200521  0.054688  0.516927
79  356.075521  356.707031  0.304688  0.545573
55  356.184896  359.338542  0.705729  0.411458
47  365.169271  366.264323  0.127604  0.324219
78  365.075521  365.583333  0.261719  0.554688
66  365.281250  365.510417  0.014323  0.236979
61  365.188802  365.264323  0.074219  0.072917
71  365.170573  365.272135  0.140625  0.141927
84  365.260417  365.337240  0.143229  0.065104
61  365.350260  365.438802  0.010417  0.078125
48  365.377604  365.402344  0.079427  0.100260
54  363.446615  363.604167  0.003906  0.178385
59  363.451823  363.528646  0.088542  0.070312
57  363.255208  363.361979  0.101562  0.122396
80  363.229167  363.270833  0.082031  0.063802
79  363.347656  363.464844  0.199219  0.134115
72  363.364583  363.513021  0.003906  0.127604
71  363.304688  364.325521  0.100260  0.078125
55  363.295573  363.350260  0.093750  0.098958
84  363.317708  363.363281  0.082031  0.029948
82  363.274740  363.381510  0.153646  0.119792
45  363.356771  363.444010  0.085938  0.126302
79  363.473958  363.447917  0.096354  0.044271
50  363.389531  363.445312  0.109375  0.066406
44  363.350260  363.498698  0.106771  0.108073
50  363.459635  363.661458  0.013021  0.279948
69  363.346354  363.526042  0.187500  0.194010
57  363.449219  363.591146  0.210938  0.119792
45  363.453125  363.610677  0.001302  0.180990
55  363.464844  363.604167  0.152344  0.169271
65  363.501302  363.714844  0.117188  0.276042
69  363.502604  363.611979  0.101562  0.080729
81  363.662760  363.664062  0.024740  0.052083
76  363.694010  363.794271  0.115885  0.093750
66  363.644531  363.815104  0.083333  0.170573
81  363.638021  363.799479  0.048177  0.128906
84  363.778646  363.794271  0.078125  0.045573
80  363.958333  364.233073  0.123698  0.294271
69  364.214844  364.450521  0.014323  0.259115
69  364.246094  364.260417  0.002604  0.054688
39  363.248698  363.235677  0.085938  0.055990
84  363.356771  363.380208  0.000000  0.085938
60  363.398438  363.542969  0.130208  0.125000
40  364.205729  364.250000  0.161458  0.041667
57  364.472656  364.536458  0.082031  0.065104
55  364.264323  364.338542  0.087240  0.070312
84  364.345052  363.345052  0.152344  0.070312
72  363.376302  363.515625  0.023438  0.125000
39  363.356771  363.437500  0.093750   0.079427
60  363.381510  363.531250  0.000000  0.170573
45  363.610677  363.786458  0.118490  0.184896
70  363.691406  363.830729  0.106771  0.111979
85  363.738281  363.834635  0.084635  0.117188
84  363.815104  363.894531  0.087240  0.065104
53  363.809896  363.966146  0.020833  0.141927
78  363.884115  363.893229  0.079427  0.067708
55  363.848958  363.942708  0.104167  0.104167
89  363.756510  363.822917  0.087240  0.054688
45  395.166667  395.238281  0.009115  0.052083
38  395.246094  395.300781  0.001302  0.071615
57  395.500000  395.667969  0.132812  0.156250
41  395.636719  395.723958  0.002604  0.076823
61  395.626302  395.740885  0.003906  0.088542
43  395.813802  395.910156  0.011719  0.076823
49  395.834635  395.925781  0.006510  0.033854
75  395.917969  396.079427  0.088542  0.106771
79  395.930990  399.958333  0.002604  0.076823
53  395.889323  395.852865  0.010417  0.031250
83  395.908854  395.953125  0.005208  0.052083
48  395.893229  395.967448  0.006510  0.087240
81  395.898438  395.942708  0.001302  0.032552
89  395.841146  395.865885  0.003906  0.042969
55  395.981771  396.078125  0.006510  0.067708
46  396.080729  396.222656  0.003906  0.127604
43  396.160156  396.332031  0.001302  0.222656
84  396.216146  396.473958  0.188802  0.319010
68  396.305990  397.161458  0.014323  0.960938
53  396.214844  396.544271  0.217448  0.399740
63  396.184896  396.268229  0.200521  0.101562
51  396.048177  396.303385  0.003906  0.303385
41  396.131510  396.381510  0.000000  0.294271
61  396.317708  396.485677  0.029948  0.144531
40  396.683594  396.989583  0.204427  0.377604
54  396.686198  396.880208  0.007812   0.247396
56  396.049479  396.566406  0.346354   0.446615
69  396.235677  396.557292  0.627604   0.305990
80  396.484375  397.131510  0.337240   1.480469
59  396.537760  396.734375  0.007812   0.149740
74  396.658854  397.085938  0.003906   0.376302
65  397.076823  397.231771  0.002604   0.141927
69  397.011719  397.080729   0.179688  0.061198
45  397.011719  397.121094   0.161458  0.074219
81  397.066406  397.122396   0.157552  0.069010
59  397.096354  397.130208   0.160156  0.111979
61  397.162760  397.264323   0.145833  0.122396
67  397.197917  397.286458   0.151042  0.147135
66  397.260417  397.317708   0.147135  0.061198
69  397.269531  397.345052   0.141927  0.046875
33  397.243490  397.378906   0.144531  0.148438
59  397.23567   973.408854   0.253906   0.217448
72   973.367188   973.483073   0.144531   0.119792
43   974.635417   974.596354   0.125000   0.076823
72  1480.065104  1480.419271   0.023438   0.441406
80   974.348958   974.817708   0.192708   0.432292
81   962.881510   963.148438   0.222656   0.222656
44   962.938802   963.122396   0.222656   0.143229
68   962.798177   963.365885   0.014323   0.641927
67   962.798177   962.993490   0.011719   0.218750
65   967.893229   974.143229   0.042969   0.268229
66   971.589844   971.986979   0.006510   0.382812
84   971.841146   972.458333   0.000000   0.761719
65   971.843750   972.074219   0.003906   0.255208
64   977.023438   977.160156   0.233073   0.144531
70   977.885417   978.141927   0.240885   0.802083
63   977.591146   978.686198   0.234375   2.091146
46   975.917969   977.114583   0.481771   0.266927
43   978.597656   978.781250   0.005208   0.204427
65   978.557292   978.635417   0.268229   0.102865
41   977.811198   977.839844   0.236979   0.042969
75   796.104167   796.188802   0.204427   0.097656
82   796.819010   797.153646   0.000000   0.273438
43   797.079427   797.174479   0.000000   0.066406
56   796.100260   797.162760   0.714844   0.144531
50   797.244792   797.817708   0.222656   2.242188
53   779.790365   797.253906   0.020833   0.808594
68   779.778646   781.928385   0.006510   1.071615
90   779.986979   780.375000   0.200521   0.470052
84   779.993490   780.453125   0.205729   0.432292
51   779.940104   780.022135   0.003906   0.117188
34   780.144531   780.371094   0.009115   0.234375
44   780.264323   786.321615   0.473958   1.242188
57   786.255208   786.755208   0.033854   0.470052
51   678.179688   678.743490   0.013021   0.416667
85   768.554688   768.794271   0.209635   0.257812
65   768.520833   768.747396   0.187500   0.250833
38   768.733073   768.929688   0.214844   0.256510
51   768.772135   769.136719   0.003906   0.412760
46   769.700521   769.938802   0.200521   0.290365
67   769.292967   769.868490   0.252604   0.453125
82   769.700521   771.076823   0.009115   0.326823
70   719.733073   719.997396   0.229167   0.294271
76   719.882812   719.845052   0.196615   0.197917
32   719.945312   719.953125   0.207031   0.091146
75   719.878906   719.859375   0.244792   0.147135
88   719.983073   719.994792   0.225260   0.119792
67   719.970052   721.066406   0.003906   0.200521
43   719.917969   721.950521   0.236979   0.835938
67   719.203125   719.501302   0.209635   0.427083
43   719.675781   729.901042   0.210938   0.253906
71   791.333333   791.365885   0.003906   0.083333
56   977.143229   977.213542   0.000000   0.141927
80   977.261719   977.276042   0.005208   0.049479
82   796.283854   976.505208   0.190104   0.291667
70   698.118490   698.617188   0.236979   0.472656
75   698.158854   698.610677   0.003906   0.460938
67   698.360677   698.898438   0.244792   0.725260
51   697.476562   697.904948   0.213542   0.414062
61   697.740885   698.162760   0.485677   1.001302
51   697.713542   698.651042   0.014323   0.511719
49   697.855469   698.680990   0.320312   1.434896
68   698.738281   698.984375   0.000000   0.294271
48   698.598958   698.769531   0.226562   0.246094
61   698.649740   699.621094   0.031250   0.570312
50   967.765625   976.885417   0.285156   0.236979
70   967.863281   967.869792   0.312500   0.076823
68   968.287760   968.247396   0.031250   0.114583
36   968.286458   968.496094   0.235677   0.203125
48   968.363281   968.546875   0.192708   0.269531
67   968.278646   969.385417   0.006510   1.643229
67   968.503906   979.423177   0.005208   0.209635
51   968.895833   969.252604   0.278646   0.404948
47   976.127604   967.417969   0.179688   0.429688
63   693.170573   693.494792   0.246094   0.291667
63   694.210938   694.526042   0.238281   0.294271
69   694.294271   694.816406   0.018229   0.367188
61   694.097656   695.157552   0.005208   0.169271
71   694.147135   694.325521   0.230469   0.259115
77   694.312500   694.662760   0.227865   0.272135
48   694.308594   694.548177   0.229167   0.264323
69   696.438802   696.464844   0.002604   0.093750
51   695.134115   695.348958   0.005208   0.234375
51   696.242188   696.338542   0.015625   0.156250
65   696.509115   696.828125   0.002604   0.266927
53   696.384115   696.520833   0.134115   0.199219
80   696.325521   696.446615   0.200521   0.208333
40   696.170573   696.531250   0.216146   0.432292
51   696.453125   697.359375   0.002604   0.442708
34   696.122396   696.348438   0.005208   0.217448
65   696.214844   696.343750   0.000000   0.127604
44   696.253906   697.091146   0.216146   0.326823
61   696.490885   696.549479   0.000000   0.037760
73   696.382812   696.351562   0.001302   0.115885
67   696.393229   696.532552   0.200521   0.212240
63   696.973958   697.326823   0.005208   0.332031
73   697.683594   697.832031   0.285156   0.221354
82   697.887240   690.625000   0.001302   0.843750
58   697.856771   699.438802   0.229167   1.184896
36   697.371094   697.804688   0.235677   0.454427
66   697.510417   697.945312   0.005208   0.386719
56   697.950521   698.626302   0.003906   0.494792
53   697.994792   698.352865   0.253906   0.312500
50   698.507812   698.694010   0.005208   0.242188
58   695.946615   696.055990   0.009115   0.072917
65   696.292969   696.345052   0.183594   0.089844
84   696.339844   696.477865   0.000000   0.261719
56   696.382812   697.386719   0.200521   0.635417
50   696.493490   696.712240   0.003906   0.222656
51   696.238281   696.348958   0.337240   0.190104
49   696.208333   696.653646   0.231771   0.347656
53   690.741667   691.135417   0.009115   0.307292
55   691.148438   691.164062   0.009115   0.162760
59   690.933594   660.984375   0.001302   0.148438
57   696.082031   696.248698   0.537760   0.204427
49   690.382812   960.709635   0.002604   0.363281
65   690.631510   691.140625   0.005208   0.330729
70   691.545573   691.744792   0.500000   0.195312
53   691.912760   692.214844   0.003906   0.247396
45   692.212240   692.574219   0.207031   0.368490
51   692.933594   693.351562   0.269531   0.460938
79   692.885417   693.363281   0.229167   0.460938
61   692.595052   693.316406   0.251302   0.636719
64   692.795573   69.946615   0.955729  0.272135
61   69.490885   70.654948  0.058594   0.684896
56   69.370312   69.701823   0.018229  0.451823
65   69.557292   69.710938   0.040365  0.207031
73   69.576823   76.440104   0.878906  0.542969
54  619.803385  620.299479   0.359375  0.266927
66  611.944010  624.095052   0.201823  0.177083
40  152.731771  152.830729  0.014323   0.113281
54  153.036458  153.161458   0.312500  0.139323
66  153.151042  153.269531   0.154948  0.139323
73  153.313802  153.505208   0.001302  0.157552
33  153.401042  514.022135   0.165365  0.414062
68  514.291667  514.845052   0.207031  0.319010
59  514.851562  514.953125   0.031250  0.162760
61  514.996094  515.105469   0.148438  0.167969
55  515.057292  515.294271   0.005208  0.216146
71  265.617188  265.649740   0.000000  0.075521
61  265.725260  265.911458   0.005208  0.162760
81  265.730469  265.746094   0.011719  0.042969
70  265.710938  265.729167   0.019531  0.029948
57  265.721354  265.791667   0.066406  0.070312
61  265.782552  265.938802   0.263021  0.136719
61  265.975260  266.044271   0.006510  0.096354
69  265.934896  266.045573   0.005208  0.059896
41  265.946615  266.002604   0.010417  0.074219
62  265.992188  266.084635   0.001302  0.126302
66  266.923177  266.925781   0.001302  0.042969
66  261.753906  262.000000   0.002604  0.302083
57  261.848958  262.130208  0.194010   0.253906
69  262.143229  262.524740  0.001302   0.403646
36  262.328125  262.460938  0.200521   0.169271
55  262.337240  263.335938  0.231771   0.808594
69  262.483073  263.503906  0.141927   0.256510
68  263.498698  263.592448  0.011719   0.119792
67  264.246094  264.294271   0.001302  0.183594
31  264.407552  264.536458   0.240885  0.141927
64  264.454427  264.513021   0.003906  0.105469
79  462.367188  462.419271   0.147135  0.084635
55  462.364583  462.348958   0.141927  0.045573
87  463.263021  463.313802   0.014323  0.075521
70  463.382812  463.501302   0.022135  0.148438
69  463.483073  463.604167   0.233073  0.145833
71  463.518229  463.653646   0.144531  0.148438
50  464.019531  464.936198   0.003906  0.166677
60  464.579427  466.722656   0.167969  0.188802
59  465.338542  465.420573   0.143229  0.173177
71  465.433594  465.565104   0.154948  0.145833
73  465.466146  465.680990   0.165365  0.196615
57  465.622396  466.218750   0.001302  0.613281
55  644.729167  644.864583   0.154948  0.119792
67  465.843750  466.001302   0.184896  0.135417
61  460.660156  460.938802   0.040365  0.305990
63  460.497396  460.813802   0.003906  0.325221
50  460.496094  460.717448   0.014323  0.216146
59  460.623698  460.730469   0.247395  0.065104
59  466.028646  466.140625   0.190104  0.138021
56  460.751302  460.791667   0.134115  0.039062
81  406.876302  407.106771   0.148438  0.244792
47  406.925781  407.005208   0.158854  0.037760
50  401.716146  402.686198   0.274740  0.644531
42  401.824219  402.042969   0.218750  0.200521
59  415.963542  426.214844   0.156250  0.234375
79  412.627604  413.199219   0.042969  0.579427
69  413.183594  412.915365   0.002604  0.247396
66  413.161458  413.328125   0.346354  0.204427
50  413.316406  413.470052   0.203125  0.204427
73  413.269531  413.390625   0.167969  0.148438
83  413.326823  413.463542   0.003906  0.170573
80  414.384115  414.535156   0.149740  0.148438
66  414.496094  414.496094   0.141927  0.070312
61  414.600260  414.648438   0.144531  0.050781
73  414.699219  414.746094   0.001302  0.042969
66  414.967448  415.919271   0.199219  0.109375
66  414.908854  414.959635   0.011719  0.037760
31  414.752604  414.812500   0.003906  0.083333
31  414.895833  414.946615   0.006510  0.101562
64  410.954427  411.045573   0.149740  0.104167
74  410.947917  411.911458   0.243490  0.145833
57  411.036458  411.113281   0.148438  0.131510
59  411.196615  411.179688   0.013021  0.042969
66  411.244792  411.294271   0.140625  0.067708
62  411.264323  411.343750   0.003906  0.096354
65  411.358073  411.402344   0.151042  0.037760
56  411.376302  411.390625   0.014323  0.080729
61  411.192708  411.307292   0.156250  0.102865
43  412.210938  412.345052   0.144531  0.184896
61  412.406250  412.477865   0.156250  0.134115
63  412.511719  413.024740   0.346615  0.345052
74  421.436198  421.540365   0.016927  0.135417
72  421.489583  421.557292   0.145833  0.145833
90  421.506510  421.591146   0.179688  0.115885
70  421.341146  421.792969   0.207031  0.648438
76  421.462240  422.589844   0.001302  0.712240
38  421.632812  422.566406   0.001302  0.565104
54  421.752604  422.253906   0.024740  0.423177
33  421.863281  422.117188   0.214844  0.221354
64  421.757812  422.042968   0.194010  0.229167
58  4