74    1.023438    1.085938  0.000000  0.062500
79   76.385417   77.257812  0.066406  0.037760
75      .615677    2.644531  0.013021  0.046875
64  371.425781  372.600260  0.091146  0.035156
80  282.088542  282.514323  0.010417  0.115885
48  403.549479  403.093750  0.093750  0.048177
55    1.104167    1.115885  0.006510  0.041667
80  354.688802  354.342448  0.000000  0.071615
3   48.424479   481.550781   0.001302   0.903656
57   38.192708   84.902052  0.516927   0.255208
73   73.183594   73.651042   0.131510  0.170573
57  52 .268229  260.953125  0.378906  0.186198
76   85.353385   86.665365  0.006510  0.046875
44   84.294271   84.076823  0.093750  0.044271
80  288.619792  288.627604  0.039062  0.062500
81  282.016927  282.678385  0.091146  0.162760
78  385.393229  386.410156  0.007812  0.188802
41  282.721354  281.131510  0.082031  0.019531
79  428.479167  428.397604  0.032552  1.161458
79  380.118490  380.220552  0.186198  1.035156
49  258.097656  285.889323  0.204427  0.191406
57  227.365885  223.028646  0.255208  0.255208
71  336.339844  363.419271  0.242188  0.052083
35  353.026042  353.878906  0.048177  0.098958
45   45.120000   45.338542  0.011719  0.069010
72  438.277344  438.442708  0.002604  0.032760
31  243.154948  243.160156  0.002604  0.095052
49   92.993490   93.655729  0.010417  0.044271
76  291.674479  201.971875  0.003906  0.108073
49  339.148438  339.074219  0.033854  0.072917
88  465.149740  465.179688  0.079427  0.041667
84  405.640625  401.625000  0.063802  0.173177
59  153.324219  153.279948  0.029948  0.100260
76  180.802083  680.089844  0.009115  0.070312
57  286.032552  2861.072917  0.005208  0.187500
54   882.294271   882.040365  0.057292  0.088542
  33   401.807292   401.295260  0.002604  0.119792
  70   587.667969   584.899740  0.009115  0.115885
  46   381.250000   318.447917  0.010417  0.274740
  77   542.747396   542.051510  0.018229  0.132812
  76    69.317708    67.807292  0.014323  0.061198
60   375.963542   286.052083  0.003906  0.194010
  36   482.674479   483.239062  0.003906  0.057292
  63    76.424479    76.524740  0.005208  0.182292
62   290.593750   201.217448  0.059896  0.234365
  59   506.906250   501.333333  0.020833  0.269531
  61   590.735677   501.845052  0.143229  0.175781
53   488.928385   488.287760  0.002604  0.106771
  58   731.899740   731.480469  0.289062  0.050781
  40   995.069010   999.494792  0.118490  0.069010
75    47.0794271   74.621094  0.135417   0.290365
77  298.274740  289.838542   0.210938  0.072917
61  410.095052  401.421875   0.005208  0.253906
49  400.972656  40.579427  0.110677  0.091146
74  409.764323  409.700521  0.136719  0.170573
51  401.877604  40.010417  0.072917  0.191406
76  165.618490  165.740885  0.023438  0.100260
31   19.950521   19.941406  0.001302  0.040365
89   95.002604   90.131510  0.041667  0.057292
74  250.479167  203.416667  0.009115  0.087240
72    4.339844    4.662760  0.000000  0.042969
  83   404.329427   408.055990  0.005208  0.187500
  54   751.942719   792.101562  0.049479  0.041667
  45   498.285677   498.324219  0.101562  0.037760
  64   981.231771   891.397135  0.074219  0.067708
  70   458.546875   359.802083  0.001302  0.048177
  53   442.917969   441.097656  0.292969  0.295573
  65   386.153646   387.032552  0.375000  0.355469
  50   376.825521   376.260417  0.087240  0.079427
  46    44.273438    45.190104  0.002604  0.226562
  76   635.197917   366.849740  0.235677   0.361979
54   299.195312   209.500000   0.105469   0.216146
59   360.692708   361.971354   0.011719   0.397135
57   668.106771   669.919271   0.158854   0.290365
67   221.373498   221.802083   0.204427   0.298177
57   774.911458   772.763021   0.098958   0.039062
53   670.429688   771.736979   80.386719   0.001302  0.100260
50  489.572917  489.076823  0.019531  0.050781
45  239.941406  230.352865  0.188802  0.281250
52   783.868490   782.649740   0.049479   0.752604
48    60.872396    60.067708  0.011719  0.571615
68   723.134115   723.169271   0.029948   0.121094
54   621.882812   716.562500   0.022135   0.509115
61   361.653354   263.354167   0.005208   0.699219
50   752.662760   753.055990   0.026042   0.121094
61   731.690104   731.924479   0.005208   1.092448
55   431.255208   433.088542   0.002604   0.105469
47    24.400521    24.917969   0.000000   0.285156
58   785.790365   785.580729   0.210938   0.750000
64   316.332031   317.979167   0.009115   0.895833
31   20.735677   21.667969  0.014323  0.230469
64  227.732292  227.446615   0.088542  0.093750
58   82.944010   88.343750  0.212240   0.235677
53   226.247865   226.072917   0.001302   0.658854
67    72.944092    77.196615   0.005208   0.136719
84   445.492188   440.567708   0.011719   0.113281
70   378.574219   378.266927   0.020833   2.805990
47   733.946615   733.282552   0.209635   0.295573
57    98.450521    89.171875   0.207031   0.207031
78   523.214844   423.644531   0.195312   0.397135
68   286.932292   286.839844   0.088542   0.173177
50   285.203125   280.247396   0.174479   0.401042
55    24.140625    24.924479   0.031250   0.230469
56   886.424479   881.958333   0.044271   0.052083
56   646.381510   646.296094  0.003906  0.161458
87   86 .394531   812.291667  0.003906  0.425781
75   390.363281   390.519531   0.168490   0.128906
43    44.005208    44.614583   0.253906   0.296875
70   369.117188   36.794271  0.315104  0.177083
70   54.199219   54.869792  0.003906  0.032552
55  203.049479  203.031250  0.005208  0.049479
33  329.019531  329.260417  0.001302  0.042969
40  247.304688  274.122396  0.221354  0.057292
50  5  .664062  219.411458  0.006510  0.065104
9  361.283854  361.061198  0.009115  0.036458
56    5.005208    5.522135  0.087240  0.069010
45  348.673177  349.596354  0.139323  0.001302
83  165.199219  166.544271  0.067708  0.059896
79  107.098958  100.229167  0.002604  0.027344
48  107.984375  107.928385  0.000000  0.098958
  75  1300.261719  1301.287760  0.113281  0.092448
  57  1094.503906  1094.796875  0.003906  0.140625
  40  1095.173177  1095.992188  0.001302  0.072917
  49  1250.339844  1251.727865  0.053385  0.052083
  52  1356.065104  1366.115885  0.011719  0.046875
  76  1037.384115  1036.000000  0.157552  0.028646
  34  1028.657552  1073.277344  0.003906  0.169271
  79  1093.481771  1093.519531  0.007812  0.429688
  54  1384.001812  1333.722656  0.126302  0.031250
  57   123.286458   122.180990  0.026042  0.052083
  44  1002.207031  1028.332031  1.022135  0.052083
  74  1094.998698  1094.453175  0.001302  0.046875
  58  1065.845052  1506.287760  0.028646  0.054688
  82  1308.072917  1308.964844  0.187500  0.048177
  86  1283.057292  1283.421875  0.203125  0.065104
  85  1049.334635  1049.272917  0.002604  0.037760
  47  1061.106771  1062.679688  0.023438  0.015625
  54   112.986979   112.705729  0.003906  0.053385
  43  1123.747396  1124.777344  0.001302  0.080729
  53  1023.110677  1201.721354  0.052083  0.061198
  78   194.996615   190.299479  0.000000  0.082031
  74  1208.464844  1280.093750  0.020833  0.113281
  45   106.236979   106.295573  0.011719  0.115885
  54  1302.028646  1280.406250  0.175781  0.261719
  40  1083.667969  1084.069010  0.078125  0.042969
  56  1028.812500  1028.381510  0.001302  0.098958
  46  1080.566406  1081.618490  0.158854  0.080729
  65   103.990052   103.100260  0.006510  0.037760
  46  1294.919271  1294.863281  0.169271  0.062500
  73  1002.253906  1003.197917  0.187500  0.104167
  44  1285.425781  1285.041667  0.003906  0.037760
  64  1052.089844  1055.274740  0.006510  0.087240
  58  1053.657552  1053.085938  0.032552  0.002604
  74  1057.227865  1075.134115  0.002604  0.109375
  78  1023.076823  1200.953125  0.075521  0.079427
  44  1293.194010  1241.398438  0.002604  0.596354
42  1010.118490  1010.218750  0.027344  0.427083
  52  1052.791667  1053.263021  0.239583  0.673177
  65  1365.936979  1365.899740  0.173177  0.052083
  52  1083.289062  1808.036458  0.007812  0.092448
  44  1286.649740  1286.010417  0.226562  0.078125
  59  1008.750000  1081.239979  0.029948  0.884115
  35  1276.975260  1276.890625  0.337240  0.359375
  51  1003.177083  1025.315104  0.087240  0.037760
72   109.382812   108.360677  0.234375  0.305990
57  1088.067708  1308.360677  0.005208  0.282552
71  1040.692708  1040.597656   1.000000   0.356771
77   763.016927   763.027344   0.214842   1.509115
72    87.936198    82.179688   0.230469   0.187500
48   306.617188   306.968750   0.221354   0.212240
44   860.287760   860.242188  0.031250  0.087240
71   83.177083   84.016927  0.001302  0.119792
72   38.792969   39.281250  0.194010  0.139323
80  272.580729  272.847656  0.339844  0.082031
83   49.494792   49.712240  0.092448  0.040365
57  280.648438  320.804688  0.036458  0.079427
58  364.946615  364.269271  0.108073  0.199219
74   65.488281   67.910677  0.001302  0.042969
50  182.459635  182.087240  0.000000  1.072917
48  182.665365  182.005208  0.157552  0.085938
71  125.817708  125.431719  0.039062  0.394531
45  177.580729  177.679688   0.002604  0.184896
57  186.204427  186.693229  0.217448   0.273438
70  127.578125  127.015625  0.006510  0.199219
78  400.414062  400.785156  0.152344  0.037760
52   72.877604   72.250000  0.082031  0.438802
47  340.175781  324.110677  0.010417  0.731771
35  271.486979  277.649740  0.006510  0.058594
57  276.059896  274.889844  0.005208  0.046875
  50  1074.352865  1072.398438  0.072917  0.058594
  90   315.166667   362.723958  0.041667  0.035156
  66   373.006510   373.075521  0.032552  0.028646
  54   171.785156   177.367188  0.000000  0.092448
  84  1077.093750  1076.569896  0.110677  0.044271
  63  1128.438894  1173.097656  0.039062  0.058594
  79  1308.662760  1308.164062  0.098958  0.097656
  68  1366.096354  1361.178385  0.000000  0.039062
  58  1107.881510  1180.707342  0.168073  0.037760
  54  1303.526042  1302.653554  0.007812  0.072917
  60  1295.242188  1295.285156  0.080729  0.627604
48  1027.691198  1028.778646  1.177083  0.079427
  65   189.178385   189.019531  0.007812  0.343750
  77   102.442708   102.430990  0.227865  0.175781
  65  1298.539062  1082.257812  0.002604  0.062500
  75  1061.078125  1016.294062  0.029948  0.200521
  89   106.345052   100.640625  0.007812  0.028646
  92  1014.425781  1029.680990  0.188802  0.143229
  74  1070.908854  107.205729  0.028646  0.076823
81  112.713542  112.795573  0.367188  0.236979
74  181.654948  182.175781  0.003906  0.040365
78  102.694010  100.282552  0.286458  0.444010
64  181.304688  181.934896  0.022135  0.050781
35  148.388021  148.151042  0.065104  0.361979
54  600.346354  100.494792   0.171875  0.126302
61  127.126823  127.071615   0.006510  0.959635
83   10.576823   10.942708  0.002604  0.044271
60  285.994792  286.076823  0.583333  0.432292
52  300.856771  301.410156  0.011719  0.230469
31  284.080729  328.098958  0.080729  0.031250
52  298.011719  289.123698  0.178385  0.072917
78  320.893229  321.967448  0.091146  0.091146
68   16.242188   17.347656  0.002604  0.039062
77   41.364583   42.144531  0.156250  0.052083
61  381.463542  318.825521  0.050781  0.089844
81  325.561198  325.423177  0.109375  0.128906
75  244.510417  242.549479   0.085938  0.092448
79  386.282552  386.526042   0.110677  0.049479
52  286.828125  286.399740   0.134115  0.626302
70  553.462240  545.434896   0.027344  0.046875
79  284.368490  288.477865  0.005208  0.355469
69  283.281250  328.121094  0.156250  0.066406
70  208.316406  207.488592  0.106771  0.132812
80  297.807292  289.761719  0.000000  0.088542
64  372.201823  372.782552  0.199219   0.179688
76   59.552083   50.941406   0.002604  0.135417
71  24  115.800781  1214.092448  0.200521  1.921875
49  1052.510417  1057.846354   0.028646   0.563802
75   180.863281   180.527344   0.006510   0.108073
48   153.300781   153.746094   0.029948   0.214844
51  1065.950521  1569.923177   0.212240   0.397135
73    82.611979    87.244792   0.002604   0.272135
53    21.665365    21.921875  0.295052  0.156250
70   844.312500   984.899740  0.446615  0.341140
75   737.505208   737.585938  0.199219  0.102865
  64   363.936198   363.761719  0.139323  0.174479
75    15.615885    15.442708  0.153646  0.246094
51  1053.242188  1053.066406  0.005208  0.109375
44  1046.761719  1046.919271  0.096354  0.057292
75  1230.684896  1230.747396  0.009115  0.072917
  80  1207.884115  1207.656250  0.119792  0.104167
  41  1056.205729  1057.610677  0.003906  0.141927
  69  1022.881510  1202.049479  0.079427  0.001302
  44  1278.533854  1278.401042  0.065104  0.037760
  40   106.852865   103.358073  0.009115  0.065104
  66  1013.942708  1014.010417  0.005208  0.108073
  85   151.820312   107.152344  0.062500  0.001302
  47   187.403646   187.088542  0.143229  0.053385
  65  1024.195312  1260.832031  0.003906  0.048167
  61  1002.346354  1021.190104  0.006510  2.315104
  64   817.100469   813.084635  0.011719  0.669271
  83   471.723958   471.710938  0.009115  0.039062
  370   898.980469   889.723958  0.001302  0.049479
45    98.397135    98.204427  0.450521  0.125000
46   886.454427   886.118490  0.002604  0.308594
53   803.365885   808.442708  0.238281  0.226562
71   31.356771   31.315104  0.087240  0.042969
59   23.418490   23.355469  0.003906  0.108073
78  378.623698  378.080729  0.027344  0.062500
51   25.690104   20.474479  0.013021  0.042969
55  236.544271  236.856771  0.002604  0.083333
57  201.735677  201.558554  0.097656  0.114583
74  345.298177  324.746094  0.007812  0.134115
52  333.198438  333.785156  0.187500   0.131510
36   282.808594   282.572917   0.010417   0.171875
75    37.981771    37.764323   0.023438   0.623698
56    50.167969    51.494792   0.000000   1.816406
  41   454.825521   451.985677  0.100260  0.072917
  46   218.537760   282.199219  0.002604  0.057292
  48   340.022135   320.062500  0.187500  0.049479
  63   461.125000   461.218750  0.024740  0.233073
  62   779.731771   770.990885  0.003906  1.875000
31   549.153125   540.177083   0.003906   0.377604
55   870.647135   861.132812   0.128906   0.079427
78   451.746094   440.429688   0.009115   0.040365
79   363.622396   363.432292   0.230469   0.217448
62   506.488281   506.105469   0.011719   0.113281
56   288.475260   287.010417   0.089844   1.717448
  56   401.174479   400.488281  0.220052  0.135417
  71   243.700000   243.498698  0.007812  0.662760
  79   538.078125   539.326823  0.080729  0.041667
  64   406.187500   401.335938  0.052083  0.158854
  59   434.726562   443.341146  0.000000  0.209635
  63   761.625000   761.286458  0.003906  0.135417
  52   493.065104   439.399740  0.251302  0.195312
  81   724.989583   724.750000  0.110677  0.109375
  80   252.389323   252.470052  0.102865  0.096354
  35  1238.328125  1329.462240  0.013021  0.110677
  87   166.843750   167.154948  0.003906  0.162760
  41  1346.279948  1344.063802  0.007812  0.098958
  65   175.036458   175.708333  0.281250  0.088542
  53  1295.888021  1289.567708  0.067708  0.381510
  56  1382.192708  1382.040365  0.002604  0.037760
  73  1083.610677  1083.661458  0.257812  0.042969
  94  1077.699219  1070.274740  0.069010  0.457031
  75  1006.479167  1006.819010  0.000000  0.171875
  57  1365.576823  1360.057292  0.001302  0.027344
  43  1126.320312  1127.462240  0.002604  0.020833
  64  1001.329427  1001.843750  0.028646  0.045573
  85   178.333333   178.509115  0.039062  0.121094
  60  1382.736979  1382.127604  0.049479  0.089844
  73  1003.166667  1003.171875  0.016927  0.037760
  68   175.932292   177.015625  0.132812  0.305990
  59  1027.167969  1072.522135  0.001302  0.187500
  75  1055.028646  1055.628906  0.062500  0.033854
  70  1092.000000  1092.716146  0.302083  0.397135
79  1208.111979  1280.162781  0.006510  0.203125
57  1266.899740  1266.287760  0.002604  0.157552
70  1143.447917  1141.934896  0.003906  0.222656
75  1015.796875  1017.821615   0.321615   0.319010
71  1011.257812  1010.998698   0.503125   0.322917
48   172.967758   179.231771  0.007812  1.092448
76   256.917969   256.600260  0.697917  0.265625
86     9.385417     9.833333  0.019531  0.197917
45    57.983073    75.622998  0.276042  0.316406
38   832.960938   832.807292  0.285156  0.675781
65   435.239583   434.058594  0.003906  0.065104
52    28.631510    28.187500  0.005208  0.127604
66    35.332031    36.157552  0.002604  0.333333
63   680.227865   680.092448  0.003906  0.552083
37   261.239583   261.363281  0.153646  0.440104
  50    32.756510    32.537760  0.001302  0.229167
59    57.111979    75.942708  0.295573  1.285156
40   789.197917   788.877604   0.420573   0.251302
67   829.596354   380.072917   0.039062   0.179688
65   731.257812   730.028646   0.112760   0.626302
37   312.644531   312.127604  0.019531  0.092448
55   406.313802   406.394531  0.481771  0.186198
  56   810.622396   801.235677  0.078125  0.040365
  43   912.191406   914.886719  0.097656  0.042969
  50   462.053385   471.761719  0.028646  0.045573
  54   496.131510   496.071615  0.089844  0.145833
  43   414.052083   419.257812  0.005208  0.028646
  53  1371.147135  1217.251302  0.005208  0.481771
83  1012.183594  1021.484375  0.157552  1.579427
60  1230.010417  1320.191406  0.212240  0.153646
50  1030.687500  1030.307292  0.009115  0.473177
54  1280.856771  1287.019531  0.263021  0.235677
71  1061.002604  1011.978385  0.039062  0.032552
66   185.303385   185.358073  1.138021  0.123698
  62   591.045573   451.098958  0.007812  0.035156
  75    83.938802    88.656250  0.005208  0.036458
  55    96.225260    79.007812  0.479167  1.871094
  85  1331.175781  1313.972656  1.287740  0.123698
  49  1044.611979  1045.730469  0.007812  0.067708
  69  1238.287240  1323.558594  0.001302  0.126510
  56  1198.476562  1199.040365  0.024740  0.088542
  91  1097.899740  1097.507219  0.180990  0.225260
  55  1082.949219  1087.373698  0.001302  0.201823
  76  1129.888021  1129.907552  0.171875  0.122396
  60  1029.490885  1029.178385   102.235677  1.117188  0.123698
  50  1101.904427  1102.242188  0.001302  0.096354
  46  1036.992188  1026.287552  0.018229  0.096354
  55  1124.884815  1124.500000  0.002604  0.330729
  67  1074.808594  1067.678385  0.010417  0.108073
  59  1068.813802  1068.470052  0.001302  0.054688
  68  1003.565104  1003.544271  0.097656  1.333333
  63  1316.080729  1130.727865  0.192708  0.087240  0.180990
57  1003.283854  100.005208  0.000000  0.089844
53  176.406250  176.402344  0.011719  0.231771
3  112.627604  111.251302  0.070312  0.182292
59  123.479167  124.174479  0.168490  0.204427
76  160.993488  160.694010  0.192708  0.054688
51  109.712240  0.016927  0.177083
57  102.360677  102.927083  0.119792   0.380729
76  117.519531  117.369792  0.000000  0.134115
52  141.183594  112.358073  0.023438  0.052083
79  194.140104  197.242188  0.100260  0.299479
37  351.190104  352.152344  0.296875  0.279977
75   722.502604   721.954115  0.266927  1.170573
71  454.221354  454.269531   0.152344  0.420573
61  313.562500  313.095052   0.009115  0.505208
60  378.641927  378.359375   0.177083  0.046875
38  284.410156  288.957031   0.082031  0.199219
65  286.079427  286.110885   0.002604  0.377604
62  299.804688  290.488260   0.020833  0.027344
55  286.310417  286.122396  0.222656   0.252604
69  359.897135  350.470073  0.147135  0.053385
  58   403.740885   404.152835  0.005208  0.179688
  34  1258.001302  1254.687500  0.085938  0.028646
  72  1056.161458  1060.736458  0.067812  0.059896
  60  1312.686198  1311.971354  0.002604  0.079427
  52   168.615885   178.684896  0.093750  0.057292
  64  1297.937500  1299.859375  0.037760  0.084635
  51  1302.026042  1320.619792  0.000000  0.078125
  52   108.419271   108.138021  0.062500  0.062500
  78  1015.677083  1015.002604  0.005208  0.054688
  61  1033.542969  1033.290365  0.007812  0.050781
  54  1026.937500  1025.652656  0.020833  0.082031
  47  1322.361979  1321.447917  0.052083  0.084635
  73  1326.610677  1326.856771  0.003906  0.079427
  94  1003.673177  1002.502604  0.514323  0.072917
  709  1033.093750  1033.053385  0.005208  0.063802
  57  1039.152344  1039.121094  0.005208  0.031250
  54  1080.529948  1087.239583  0.089844  0.199219
  73   129.193229