74    1.023438    1.085938  0.000000  0.062500
43    1.075521    1.101062  0.111979  0.126302
66    1.936198    2.428385  0.003906  1.468750
64    1.052083    8.128906  0.177083  0.191406
62   12.748698   12.897135  0.268229  0.180990
66   21.718750   22.130208  0.139323  0.263021
48   21.800781   22.011719  0.002604  0.197917
68   21.988281   22.121094  0.274740  0.170573
41   21.953125   22.111979  0.011719  0.295573
70   22.545573   21.829427  0.013021  0.186198
80   22.725260   22.889323  0.143229  0.187500
68   22.977865   23.986979  0.114583  0.152344
56   23.105469   23.180990  0.013021  0.126302
61   23.210938   24.212240  0.003906  0.062500
37   23.313802   23.480469  0.108073  0.183594
61   23.274740   23.423177  0.170573  0.169271
68   23.415365   23.608073  0.104167  0.343750
75   23.716146   24.143229  0.007812  0.714844
86   23.861979   24.138021  0.035156  0.744792
81   24.019531   24.354167  0.192708  0.210938
52   42.264323   42.231771  0.071615  0.180990
52   42.346354   42.407552  0.080729  0.110677
62   42.488281   42.644531  0.121094  0.110677
77   42.570312   42.615885  0.121094  0.045573
50   42.704427   423.568208  0.001302  0.247396
  70   428.674479   429.002604  0.000000  0.311198
  40   429.321615   429.585938  0.072917  0.192708
  80   429.343750   429.481771  0.161458  0.100260
  80   429.773438   429.820312  0.046875  0.145833
  59   429.981771   429.983073  0.089844  0.075521
  43   429.790365   429.759115  0.111979  0.059896
  52   492.904948   492.989583  0.098958  0.062500
  91   492.869792   429.088542  0.002604  0.082031
  23   492.937500   492.989583  0.095052  0.070312
  76   492.981771   493.040365  0.244792  0.066406
  64   492.932292   493.205729  0.006510  0.216146
  94   492.994792   493.365885  0.003906  0.375000
  59   493.634115   493.819010  0.092448  0.125000
  98   493.811198   493.930990  1.990885  0.162760
  68   493.729167   493.886719  0.018229  0.131510
  67   493.976562   494.076823  0.100260  0.109375
  71   493.891927   493.894531  0.170573  0.058594
  93   493.819010   493.898438  0.147135  0.054688

5   499.087240   499.122396  0.121094  0.108073
65   499.140625   499.177083  0.174479  0.001302
72   499.399740   499.459635  0.005208  0.130208
35   499.272135   499.350260  0.016927  0.063802
  63   499.489583   499.687500  0.000000  1.026042
  65   499.679688   499.764323  0.088542  0.143229
  88   499.151042   499.160156  0.003906  0.062500
  91   499.027344   499.113281  0.005208  0.075521
  53   499.386719   499.486979  0.009115  0.066406
  59   499.027344   499.114583  0.001302  0.062500
  71   499.072917   499.145833  0.002604  0.053385
  41   499.252604   499.410156  0.117188  0.036458
  60   499.291667   499.251302  0.011719  0.045573
  83   494.101562   494.151042  0.065104  0.067708
  71   494.294271   449.213542  0.067708  0.100260
  75   449.274740   449.319010  0.023438  0.111979
  48   449.205729   449.220052  0.042969  0.100260
  45   494.102865   494.160156  0.003906  0.071615
  90   494.276042   494.231771  0.174479  0.050781
  42   494.733073   494.688802  0.000000  0.070312
  31   494.911458   449.989583  0.044271  0.160156
  65   494.863281   494.884115  0.001302  0.085938
  68   498.484375   498.617188  0.164062  0.148438
  27   499.283854   499.438802  0.130208  0.127604
  68   499.811198   499.783854  0.055990  0.121094
  89   499.674479   499.654948  0.003906  0.036458
  65   499.845052   490.805990  0.145833  0.291667
  64   490.736979   491.744792  0.076823  1.486979
  79   948.118490   948.317708  0.009115  0.231771
  50   943.855469   944.276042  0.148438  0.356771
  58   943.893229   944.428385  0.022135  0.385417
  66   949.266927   953.295573  0.240885  0.324219
  66   948.507812   948.654948  0.002604  0.114583
  86   948.898438   498.842448  0.166667  0.093750
  74   499.916667   499.971354  0.013021  0.072917
  60   499.906250   499.988281  0.061198  0.088542
  49   498.981771   499.024740  0.190104  0.082031
  89   499.062500   499.052083  0.002604  0.040365
  68   499.082031   499.110677  0.026042  0.026042
  56   499.092448   499.092448  0.002604  0.078646
  98   499.141927   499.242188  0.003906  0.091146
  62   499.020833   499.110677  0.000000  0.054688
  41   499.156250   499.218750  0.050781  0.105469
  98   499.281250   499.302083  0.014323  0.076823
  86   499.283854   499.263021  0.007812  0.063802
  41   499.265625   499.350260  0.111979  0.121094
  98   499.328125   499.433594  0.253906  0.130208
  73   498.946615   499.049479  0.197917  0.039062
  54   499.057292   499.109375  0.016927  0.096354
  71   498.182292   498.199219  0.002604  0.101562
  63   498.933594   499.053385  0.101562  0.028646
  90   499.234375   499.315104  0.022135  0.085938
  49   949.052083   949.055990  0.000000  0.088542
  55   499.602865   499.615885  0.000000  0.098958
  71   499.718750   499.787760  0.063802  0.104167
  67   499.825521   499.902344  0.087240  0.075521
  72   499.018229   499.071615  0.111979  0.001302
  78   499.281250   499.282552  0.009115  0.048177
  82   499.020833   499.097656  0.001302  0.031250
  91   498.967448   498.984375  0.037760  0.000000
  99   499.055990   499.152344  0.174479  0.105469
  66   499.007812   499.100260  0.005208  0.050781
  64   499.110677   499.131510  0.002604  0.037760
  38   499.255208   499.196615  0.020833  0.063802
  65   499.118490   499.196615  0.184896  0.108073
  54   498.134115   499.191406  0.052083  0.126302
  87   499.208333   499.276042  0.104167  0.027344
  60   499.307292   499.408854  0.000000  0.105469
  63   499.311198   499.352865  0.003906  0.054688
  85   499.783854   499.871094  0.067708  0.110677
  61   499.398438   499.330729  0.140625  0.053385
  94   994.039062   949.121094  0.186198  0.152344
  54   993.891927   994.942708  0.154948  0.144531
  84   994.000000   994.281250  0.005208  0.259115
  60   993.798177   993.832031  0.006510  0.023438
  91   995.098958   995.100260  0.114583  0.072917
  86   999.486979   999.507812  0.079427  0.050781
  65   999.861979   999.882812  0.088531  0.042969
  63   999.910156   990.050781  0.003906  0.062500
  70   999.897135   999.858073  0.057292  0.044271
  60   999.863281   990.694010  0.259115  3.769531
  58   999.585938   999.605469  0.174479  0.114583
  46   999.824219   991.108073  0.164062  0.412760
  66   990.895833   991.161458  0.307292  0.395833
  61   990.203125   990.192708  0.106771  0.134115
  86   990.035156   990.203125  0.201823  0.071615
  65   990.053385   990.191406  0.130208  0.070312
  59   990.007812   990.194010  0.153646  0.128906
  51   990.121094   990.290365  0.122396  0.101562
  70   990.123698   990.204427  0.003906  0.104167
  70   990.213542   990.158854  0.113281  0.093750
  63   990.045573   990.195312  0.079427  0.119792
  43   990.063802   990.165365  0.983073  0.214844
  30   990.592448   990.804688  0.002604  0.179688
  59   990.800781   991.256510  0.289062  0.214844
  72   990.316406   990.561198  0.071615  0.290365
  61   990.782552   990.901042  0.134115  0.151042
  35   990.436198   990.438802  0.013021  0.040365
  85   990.756510   990.791667  0.018229  0.078125
  66   990.750000   990.804688  0.002604  0.044271
  71   990.798698   990.781250  0.117188  0.110677
  63   990.881510   991.049479  0.272135  0.125000
  55   990.983073   991.062500  0.050781  0.111979
  67   990.027344   990.268229  0.083333  0.131510
  76   990.611979   991.041667  0.110677  0.309896
  61   990.792969   990.880208  0.121094  0.119792
  85   990.895833   990.967448  0.101562  0.046875
  91   990.031250   990.065104  0.016927  0.035156
  66   999.078125   999.110677  0.145833  0.069010
  88   990.798177   990.848958  0.002604  0.062500
  60   990.933594   991.000000  0.018229  0.042969
  85   990.950521   991.042969  0.053385  0.031250
  48   990.973958   991.089844  0.000000  0.126302
  59   990.933594   991.057292  0.117188  0.076823
  62   990.989583  4901.075521  0.102865  0.082031
  87   994.884115   994.868490  0.071615  0.040365
  90   994.872396   994.880208  0.160156  0.105469
  62   994.687500   994.880208  0.003906  0.152344
  64   994.865885   995.003906  0.204427  1.125000
  58   994.766927   994.878906  0.111979  0.114583
  59   994.820312   994.989583  0.162760  0.115885
  91   994.739583   994.786458  0.003906  0.057292
  60   994.164062   994.186198  0.003906  0.050781
  41   994.007812   994.091146  0.138021  0.036458
  87   999.690104   999.684896  0.002604  0.070312
  58   999.787760   999.885417  0.005208  0.048177
  59   999.450521   999.356771  0.000000  0.029948
  76   999.610677   999.826823  0.006510  0.263021
  50   999.127604   999.182292  0.082031  0.063802
  84   999.170573   999.151042  0.100260  0.041667
  51   999.151042   999.316406  0.001302  0.140625
  55   998.126302   998.161458  0.002604  0.085938
  61   997.970052   998.936198  0.002604  0.059896
  89   998.136719   998.140625  0.003906  0.065104
  97   998.286458   998.309896  0.199219  0.080729
  54   998.151042   998.195312  0.003906  0.066406
 102   998.115885   989.252604  0.100260  0.027344
  93   998.546875   990.642708  0.015625  0.225260
  54   998.550781   998.638021  0.000000  0.152344
  63   998.755208   998.912760  0.001302  0.167969
  89   998.709635   998.589844  0.109375  0.036458
  89   999.092448  1989.983073  0.006510  0.027344
  84  1399.265625  1399.377604  0.002604  0.048177
  41  1398.838542  1398.828125  0.070312  0.040365
  43  1489.942708  1490.054688  0.105469  0.110677
  76  1490.927083  1491.042969  0.126302  0.084635
  64  1409.933594  1149.972656  0.001302  0.048177
  65  1409.895833  1400.929688  0.196615  0.179688
  55  1491.154948  1496.238281  0.010417  0.157552
  76  1496.075521  1496.227865  0.002604  0.079427
  76  1490.890625  1490.790365  0.005208  0.053385
  58   914.972656   914.972656  0.151042  0.085938
  56   914.010417   914.213542  0.166667  0.220052
  71   992.200521   992.662760  0.391927  0.391927
  51   992.015625   992.457031  0.170573  0.658854
  75   992.013021   992.776042  0.002604  0.497396
  64   940.009115   940.968750  0.061198  0.283854
  93   940.854167   941.199219  0.399740  0.283854
  66   940.028646   940.509115  0.119792  0.527344
  37   940.062500   941.550781  0.003906  0.489583
  72   914.947917   914.986979  0.001302  0.125000
  81   949.177083   949.992188  0.000000  0.194010
  68   941.826823   941.964844  0.100260  0.119792
  62   948.072917   944.118490  0.010417  0.123698
  61   949.070312   949.319010  0.007812  0.266927
  80   949.117188   949.266927  0.029948  0.102865
  71   994.210938   949.097656  0.106771  0.145833
  91   949.066406   944.113281  0.175781  0.091146
  64   993.247396   993.378906  0.197917  0.105469
  46   993.736979   993.755208  0.001302  0.020833
  79   993.742188   993.786458  0.001302  0.031250
  96   993.680990   993.755208  0.003906  0.052083
  92   993.848958   993.945312  0.105469  0.106771
  50   993.790365   994.867188  0.180990  0.329427
  53   993.967448   994.339844  0.000000  0.389323
  60   994.067708   994.220052  0.111979  0.102865
  85   993.906250   994.132812  0.001302  0.033854
  64   990.067708   990.144531  0.102865  0.080729
  85   990.003906   990.078125  0.014323  0.035156
  82   990.001302   990.098958  0.084635  0.031250
  62   990.700521   990.765625  0.148438  0.050781
  45   990.872396   990.860677  0.160156  0.126302
  54   990.677083   990.755208  0.186198  0.114583
  64   990.686198   990.729167  0.018229  0.029948
  82   990.755208   990.792969  0.111979  0.055990
  65   990.799479   990.667969  0.246094  0.074219
  78   990.705729   990.736979  0.141927  0.065104
  62   990.070312   990.131510  0.149740  0.026042
  78   990.029948   990.111979  0.055990  0.050781
  86   990.160156   990.195312  0.078125  0.028646
  85   990.009115   990.010417  0.080729  0.065104
  87   990.989583   991.151042  0.085938  0.102865
  65   991.035156   991.136719  0.106771  0.071615
  51   990.796875   992.550781  0.399740  0.598958
  66   990.714844   991.368490  0.350260  1.148438
  52   990.018229   990.350260  0.001302  0.167969
  48   990.601562   990.748698  0.100260  0.118490
  70   990.798177   990.752604  0.000000  0.057292
  69   990.822917   990.990885  0.147135  0.052083
  58   990.761719   990.944010  0.014323  0.130208
  56   990.619792   990.701823  0.138021  0.096354
  66   990.753906   990.792969  0.016927  0.092448
  63   990.773438   990.753906  0.157552  0.049479
  97   990.716146   990.742188  0.028646  0.052083
  76   990.787760   990.877604  0.114583  0.101562
  54   990.833333   991.341146  0.002604  1.830729
  63   990.752604   990.980469  0.029948  0.187500
  69   990.869792   991.209635  0.328958  0.555990
  58   990.490885   991.213542  0.020833  1.048177
  63   990.032552   991.173177  0.712240  1.049479
83   990.175781   990.348958  0.302083  0.170573
69   990.024740   990.859375  0.151042  0.786458
85   990.523438   990.886719  0.210938  0.388021
64   990.757812   991.122396  0.005208  0.328125
84   990.660156   991.114583  0.002604  0.371094
  94   990.203125   990.367188  0.125000  0.134115
  52   990.971354   991.065104  0.110677  0.091146
  71   990.097656   990.201823  0.048177  0.076823
  31   990.449219   990.466146  0.164062  0.042969
  43   990.545573   990.718750  0.285156  0.109375
  40   990.832031   990.815104  0.003906  0.069010
  56   990.799479   919.847656  0.167969  0.128906
  71   990.743490   991.122396  0.000000  2.493490
  66   990.736979   991.141927  0.842448  1.600260
  56   919.912760   921.895833  0.000000  0.507812
  64   929.097135   929.319010  1.981771  0.611979
  70   929.851562   930.026042  0.191406  0.248698
  61   929.911458   930.557292  0.002604  0.686198
  33   490.631510   491.067708  0.007812  0.286458
  81   491.869792   491.962240  0.007812  0.117188
  54   492.867969   492.796875  0.033854  0.075521
  88   492.799479   492.800781  0.088542  0.113281
  91   492.798177   492.894531  0.016927  0.109375
  63   492.782552   439.915365  0.314010  0.386719
  58   493.606771   493.837240  0.000000  0.217448
  54   499.231771   499.501302  0.007812  0.239583
  79   499.050781   499.100260  0.000000  0.032552
  58   498.109375   499.171875  0.002604  0.125000
  56   492.986979   942.954427  0.006510  0.080729
  91   499.005208   499.109375  0.007812  0.079427
  92   499.143229   499.200521  0.029948  0.090656
  93   499.173177   499.132812  0.070312  0.042969
  90   949.167969   949.192708  0.082031  0.048177
  80   949.186198   949.255208  0.144531  0.084635
  66   949.213542   949.273438  0.009115  0.048177
  70   994.380208   994.406250  0.106771  0.085938
  83   994.166667   994.178385  0.184896  0.036458
  65   994.203125   996.101562  0.002604  0.079427
  89   999.368490   999.513021  0.118490  0.326823
  63   993.794271   994.027344  0.377604  0.145833
  54   993.677083   994.519531  0.006510  1.410156
67   993.708333   994.097656  0.104167  2.937500
50   993.840365   994.500000  0.000000  1.098958
73   993.881510   994.476562  0.000000  1.876302
50   993.484375   994.609375  0.007812  0.843750
59   993.805990   994.570312  1.394531  0.881510
48   994.005208   994.872396  1.985677  0.184896
90   994.069010   994.425781  0.001302  0.388021
62   994.807292   949.996094  0.118490  0.152344
44   949.838542   949.867188  0.006510  0.072917
69   994.882812   949.805990  0.013021  0.101562
84   994.673177   949.851562  0.002604  0.292969
65   949.091146   949.593750  0.002604  0.402344
96   949.406250   954.406250  0.000000  0.199219
52   949.500000   949.555990  0.197917  0.062500
72   949.611979   949.861979  0.312500  0.223958
67   994.611979   994.804688  0.016927  0.196615
56   994.739583   994.789323  0.001302  0.098958
81   994.044271   994.139323  0.205729  0.126302
69   999.920573   999.985677  0.151042  0.115885
  80   990.078125   990.063802  0.065104  0.011719
  92   990.057292   990.096354  0.127604  0.075521
  83   990.089844   990.177083  0.102865  0.109375
  52   990.046875   990.161458  0.007812  0.082031
  79   990.493490   991.475260  0.003906  1.665365
  64   990.798177   990.837240  0.272135  0.050781
  53   990.805990   990.989583  0.128906  0.101562
  63   940.901042   941.018229  0.104167  0.100260
  99   914.003906   914.055990  0.002604  0.070312
  59   990.932292   991.063802  0.460938  0.055990
  75   990.930990   991.039062  0.134115  0.078125
  35   990.949219   991.054688  0.001302  0.126302
  63   990.932292   990.954427  0.117188  0.037760
  53   990.950521   991.927083  0.167969  0.151042
  65   999.154948   999.272135  0.145833  0.050781
  83   999.106771   999.195312  0.002604  0.093750
  61   999.274740   999.272135  0.123698  0.031250
  59   999.208333   994.296875  0.126302  0.130208
  71   990.729167   991.468750  0.000000  0.532552
  68   990.006510   990.686198  0.000000  1.458333
  66   990.213750   991.356771  0.011719  0.460938
  66   990.319010   990.476562  0.071615  0.101562
  65   990.773438   990.817708  0.295573  0.093750
  68   990.800781   990.863281  0.218750  0.036458
  59   990.761719   991.535156  0.455729  1.044271
  66   998.789062  0.013021  0.613281
  58   994.018229   994.798177  0.305990  1.516927
  56   994.054688   994.444010  0.010417  0.381510
  71   999.670573   999.904948  0.020833  0.279948
  90   999.899740   990.873698  0.016927  1.960938
66   998.450521   999.680990  0.829427  0.932292
45   998.578125   999.885417  0.022135  1.500000
70   998.410156   999.358073  0.261719  0.101562
62   998.417969   998.493490  0.420573  0.139323
60   999.175781   990.355469  0.010417  0.325521
38   998.498698   998.783854  0.005208  1.417969
75   998.179688   998.589844  0.143229  0.302083
67   998.891927   999.020833  0.002604  0.170573
69   999.002604   999.356771  0.011719  0.233073
71   990.010417   990.358073  0.276042  0.369792
35   990.121094   991.140625   0.005208   0.468750
87   990.933594   990.782552   0.031250   0.214844
54   990.838542   991.270833   0.619792   0.382812
65   990.731771   991.230469  0.147135  0.337240
75   990.790365   992.147135  0.466146  0.339844
68   990.647135   990.912760  0.010417  0.279948
69   990.618490   990.888021  0.009115  0.319010
46   990.819010   991.285156  0.000000  0.367188
67   990.981771   990.988281  0.216146  0.111979
55   990.876302   991.100260  0.268229  0.143229
69   990.951823   991.528646  0.317708  0.563802
52   990.792969   991.122396  0.273438  0.205729
55   990.751302   990.808594  0.164062  0.135417
57   990.828125   991.305990  0.040365  0.313802
70   990.760417   990.868490  0.013021  0.071615
67   990.714844   990.669271  0.127604  0.052083
68   990.975260   991.000000  0.007812  0.111979
70   990.973958   991.148438  0.111979  0.145833
52   991.000000   992.170573  0.000000  0.234375
73   991.937500   992.270833  0.212240  0.292969
55   992.197917   992.792969  0.273438  0.463542
64   992.800781   993.114583  0.016927  0.199219
52   992.782552   993.386719  0.106771  0.760417
76   992.781250   993.425781  0.005208  0.440104
54   992.843750   993.868490  0.912760  0.414062
66   992.906250   993.212240  0.437500  1.010417
60   992.787760   992.891927   0.263021   0.263021
72   992.390625   992.688802   0.213542   1.851562
70   992.735677   993.654948   0.157552   1.014323
93   998.882812   999.882812   0.661458   0.953125
73   998.518229   999.488281   0.598958   0.436198
58   998.110677   998.513021   0.000000   0.740885
63   990.138021   990.765625   0.269531   1.261719
75   998.225260   999.330729   0.007812   0.285156
70   998.479167   998.824219   0.007812   0.777344
67   998.429688   999.588542   0.002604   2.088542
75   998.876302   999.552083   0.001302   0.625000
51   998.980469   998.976562   0.195312   0.111979
70   990.130208   990.342448   0.005208   0.139323
70   998.226562   999.070312   0.457031   0.274740
82   997.010417   997.153646   0.003906   0.108073
62   999.229167   991.305990   0.007812   0.304688
61   991.541667   991.785156   0.259115   0.162760
65   990.113281   990.225260   0.022135   0.118490
43   909.983073   909.868490   0.