74    1.023438    1.085938  0.000000  0.062500
81    1.570312    1.686198  0.031250  0.059896
50   12.343750   12.429688  0.058594  0.062500
47   12.091146   12.078125  0.059896  0.044271
51   12.212240   12.772135  0.027344  0.044271
59   12.498998   12.649740  0.010417  0.057292
69   12.791667   12.822917  0.001302  0.048177
65   12.920573   12.895833  0.213542  0.148438
74   12.846354   12.919271  0.018229  0.049479
64   12.428385   12.416667  0.128906  0.063802
71   12.282552   12.414062  0.119792  0.244792
73   12.154948   12.416667  0.106771  0.515625
69   12.233073   12.609375  0.177083  0.041667
41   12.447917   12.632812  0.130208  0.054688
39   12.382812   12.684896  0.240885  0.052083
86   12.445312   12.522135  0.089844  0.082031
84  120.342448  120.484375  0.029948  0.055990
79  120.302083  120.507812  0.105469  0.067708
41  120.936198  121.101562  0.098958  0.088542
62  120.022135  120.062500  0.117188  0.059896
67  120.709635  120.550781  0.003906  0.049479
41  120.791667  120.701823  0.0.36979  0.032552
31  102.289062  102.541667  0.002604  0.292969
67  102.308594  102.608073  0.001302  0.414167
70  102.204427  102.434896  0.139323  0.259115
52  102.710938  102.944010  0.140625  0.279948
62  102.118490  102.361979  0.226562  0.063802
47  102.277344  102.510417  0.117188  0.045573
36  102.279948  102.200521  0.015625  0.247396
68  102.149740  102.079427  0.109375  0.053385
52  102.477865  102.756510  0.009115  0.200521
49  102.541667  102.765625  0.240885  0.104167
44  102.040365  102.238281  0.072917  0.046875
49  100.903646  100.954427  0.000000  0.057292
61  102.054688  102.118490  0.011719  0.040365
72  102.171875  102.341146  0.204427  0.196615
52  102.097656  102.272135  0.138021  0.165365
66  102.557292  102.325521  0.003906  0.032552
47  102.291667  102.829427  0.059896  0.109375
71  101.294271  101.744792  0.013021  0.109375
53  101.807292  101.984375  0.001302  0.039062
71  100.226562  100.049479  0.148438  0.046875
43  100.773438  100.951823  0.080729  0.089844
71  100.200521  100.179688  0.078125  0.040365
74  100.248698  100.361979  0.079427  0.084635
68  100.019531  100.083333  0.110677  0.091146
84  100.592448  100.679688  0.115885  0.041667
52  100.915365  100.132812  0.101562  0.100260
86  101.983073  101.989583  0.015625  0.062500
70  100.857552  100.924479  0.002604  0.080729
50  100.148438  100.135417  0.087240  0.029948
75  100.029948  100.009115  0.013021  0.091146
56  100.927083  100.906250  0.101562  0.063802
81  100.446615  100.501302  0.028646  0.050781
78  100.759115  101.878906  0.001302  0.031250
66  100.983073  100.208333  0.152344  0.165365
63  100.940104  100.929688  0.065104  0.108073
79  100.998698  100.986979  0.115885  0.082031
76  100.852865  100.967448  0.074219  0.061198
87  100.079427  100.130208  0.066406  0.101562
86  100.608073  100.980469  0.044271  0.053385
81  100.903646  100.959635  0.019531  0.115885
58  101.238281  101.313802  0.016927  0.071615
88  101.824219  101.865885  0.049479  0.063802
77  101.960948  102.062500  0.144531  0.057292
50  101.164062  101.179688  0.166667  0.139323
52  101.264323  101.951823  0.153646  0.113281
65  101.891927  102.027344  0.230469  0.067708
66  102.231771  102.348958  0.001302  0.041667
88  102.061198  102.151042  0.000000  0.044271
83  102.661458  102.623698  0.100260  0.039062
56  107.096354  107.141927  0.096354  0.026042
52  102.626302  102.753906  0.083333  0.054688
78   18.118490   18.119792  0.054688  0.035156
86   18.291667   18.540365  0.149740  0.248698
55   18.156250   18.502604  0.014323  0.253906
71   18.709635   18.930990  0.027344  0.221354
66   18.055990   18.230469  0.204427  0.042969
76   18.136792   18.186198  0.007812  0.089844
80  120.779948  120.616688  0.139323  0.048177
48  102.957031  102.983373  0.079427  0.049479
65  102.046875  102.135417  0.117188  0.069010
86  102.436198  102.542969  0.115885  0.069010
81  101.170573  101.247396  0.003906  0.033854
50  102.036458  102.058594  0.011719  0.105469
81  102.083333  102.148438  0.003906  0.104167
57  102.044271  102.098958  0.011719  0.061198
44  102.419271  102.460938  0.123698  0.173177
57  120.686198  120.722656  0.001302  0.063802
83  120.782552  120.962240  0.003906  0.088542
76  120.015625  132.174479  0.079427  2.131510
51  128.384115  128.579427  0.001302  0.061198
46  128.597656  128.794271  0.027344  0.131510
75  128.876302  130.002604  0.199219  0.111979
52  128.441406  128.539062  0.085938  0.157552
75  128.729167  128.820312  0.087240  0.092448
88  128.799479  129.011719  0.095052  0.128906
83  128.976562  129.097656  0.416667  0.070312
52  102.977865  102.903646  0.084635  0.088542
66  102.904948  103.125000  0.057292  0.104167
60  102.480469  102.440104  0.105469  0.055990
79  102.007812  102.044271  0.091146  0.062500
53  102.319010  102.498698  0.117188  0.136719
76  102.923177  103.026042  0.003906  0.037760
50  102.710938  102.795573  0.048177  0.026042
76  102.200521  102.322917  0.040365  0.049479
80  102.071615  102.148438  0.019531  0.050781
52  102.641927  102.730469  0.080729  0.125000
77  102.057292  102.059896  0.001302  0.061198
45  102.234375  102.371094  0.095052  0.050781
54  102.167969  102.123698  0.005208  0.091146
80  102.079427  102.199219  0.000000  0.049479
52  102.488281  102.592448  0.059896  0.100260
50  102.286458  102.260417  0.119792  0.083333
59  102.061198  102.217448  0.003906  0.050781
57  102.841146  102.907552  0.001302  0.079427
57  102.036458  102.101562  0.001302  0.044271
60  102.136719  102.153646  0.148438  0.089844
81  102.217448  010.290365  0.104167  0.055990
52  102.348958  102.424479  0.001302  0.069010
64  102.138021  102.109375  0.079427  0.097656
87  102.015625  102.214844  0.001302  0.091146
88  102.171875  102.178385  0.111979  0.069010
83  102.026042  102.179688  0.013021  0.045573
43  102.395833  102.477865  0.091146  0.052083
57  102.045573  102.144531  0.003906  0.065104
88  102.541667  102.527344  0.110677  0.098958
84  102.178385  102.208333  0.002604  0.041667
73  101.960938  102.156250  0.291667  0.069010
86  101.928385  101.958333  0.084635  0.095052
56  101.636719  101.674479  0.061198  0.070312
45  101.699219  101.799479  0.015625  0.088542
76  101.033854  101.098958  0.061198  0.080729
84  101.242188  101.720052  0.138021  0.065104
83  101.018229  101.101562  0.074219  0.113281
52  101.928385  101.199219  0.170573  0.024740
76  101.194010  101.265625  0.005208  0.058594
52  101.075521  101.234375  0.003906  0.151042
66  101.519531  101.798177  0.007812  0.075521
49  101.959635  102.058594  0.003906  0.059896
57  101.997396  102.121094  0.052083  0.048177
71  101.145833  101.085938  0.089844  0.095052
78  101.500000  101.667969  0.091146  0.079427
85  101.292969  101.287760  0.003906  0.091146
86  101.035156  101.148438  0.014323  0.061198
52  102.089844  102.098958  0.158854  0.084635
83  102.059896  102.170573  0.018229  0.052083
66  102.029948  102.058594  0.173177  0.046875
36  102.152344  102.229167  0.079427  0.055990
76  102.186198  102.091146  0.145833  0.046875
54  102.028646  102.147135  0.079427  0.101562
88  102.098958  102.227865  0.139323  0.162760
51  102.246094  102.305990  0.010417  0.040365
51  102.807292  102.807292  0.007812  0.042969
51  100.125000  100.156250  0.147135  0.059896
69  100.104167  100.169271  0.076823  0.061198
63  100.479167  100.481771  0.139323  0.052083
55  100.042969  100.164062  0.079427  0.059896
52  100.106771  100.161458  0.018229  0.001302
72  100.217448  100.341146  0.097656  0.052083
57  100.062500  100.045573  0.113281  0.035156
87  100.860677  100.962240  0.148438  0.039062
83  100.095052  100.078125  0.088542  0.063802
77  100.467448  100.589844  0.139323  0.203125
50  100.748698  100.980469  0.177083  0.196615
8  102.776042  102.790365  0.231771  0.184896
71  102.462240  102.661458  0.036458  0.026042
86  101.912760  102.011719  0.022135  0.033854
76  102.071615  102.102865  0.118490  0.084635
60  102.079427  102.264323   0.000000  0.292969
59  102.145833  102.585938   0.019531  0.389323
46  107.125000  107.597656  0.037760   0.886719
51  107.950521  108.209635  0.179688  0.226562
62  107.986979  108.036458  0.186198  0.057292
54  108.240885  108.283854  0.059896  0.115885
52  108.130208  108.250000  0.160156  0.067708
76  108.497396  108.671875  0.028646  0.109375
58  108.858073  108.898438  0.079427  0.105469
69  108.667969  108.843750  0.128906  0.055990
76  108.911458  109.026042  0.050781  0.098958
69  108.670573  108.695312  0.127604  0.059896
65  108.897135  108.954427  0.019531  0.055990
46  108.878906  108.992188  0.161458  0.156250
68  108.740885  108.845052  0.100260  0.110677
70  108.440104  108.584635  0.000000  0.085938
58  108.170573  108.251302  0.101562  0.079427
83  108.173177  108.180990  0.003906  0.144531
43  108.131510  108.135417  0.011719  0.119792
46  108.466146  108.483281  0.079427  0.100260
89  108.126302  108.100260  0.007812  0.082031
76  108.023438  108.065104  0.097656  0.115885
85  108.777344  108.779948  0.117188  0.057292
52  1088.520833  1088.475260  0.020833  0.052083
  49  1088.238281  1088.390625  0.003906  0.079427
  47  1083.057292  1083.199219  0.007812  0.046875
  89  1037.324219  1037.558594  0.015625  0.188094
  60  1083.061198  1084.002604  0.127604  0.070312
  59  1084.171875  1083.428385  0.001302  0.053385
  53  1083.334635  1083.591146  0.000000  0.110187
  30  1083.442708  1088.458333  0.123698  0.108073
  53  1089.679688  1089.680990  0.000000  0.115885
  60  1089.881510  1089.949219  0.001302  0.066406
  90  1098.040365  1098.250000  0.019531  0.097656
  79  1038.618490  1038.756510  0.006510  0.071615
  88  1038.268229  1038.283854  0.141927  0.097656
  47  1038.309896  1038.447917  0.001302  0.091146
  59  1039.169271  1039.270833  0.006510  0.069010
  79  1030.050781  1030.121094  0.000000  0.075521
  66  1030.055990  1030.201823  0.002604  0.044271
  60  1003.493490  1003.635417  0.192708  0.171875
  62   180.570312   181.375000  0.162760  0.230469
  36   180.595052   180.579427  0.009115  0.098958
  62   108.265625   108.279948  0.002604  0.104167
  79   108.509115   108.501302  0.000000  0.097656
  65   108.687500   108.707031  0.007812  0.103385
  70   108.291667   108.269531  0.067708  0.045573
  87   108.092448   1080.496094  0.000000  0.546875
  64   180.013021   180.485677  0.140625  0.301771
  70   108.994792   108.903646  0.190104  0.174479
68   108.111979   108.231771  0.005208  0.085938
83   108.891927   108.986979  0.079427  0.114583
36   108.210938   108.277344  0.145833  0.033854
44   108.173177   108.207031  0.147135  0.121094
61   100.963542   100.996094  0.013021  0.050781
  80   101.579427   101.632812  0.000000  0.055990
  52   101.415365   101.600260  0.001302  0.096354
  47   110.718750   111.080729  0.003906  0.227865
  31   110.904948   111.145833  0.005208  0.054688
  51   110.940104   111.032552  0.105469  0.045573
  42   110.479167   110.554688  0.000000  0.098958
  8   101.316406  001.407552  0.000000  0.040365
57  101.123698  101.139323  0.071615  0.095052
76  101.808594  101.751302  0.096354  0.063802
81  102.018229  102.156250  0.006510  0.058594
83  102.007812  102.183594  0.166667  0.095052
57  102.162760  102.354167  0.003906  0.345052
56   10.859375   11.165365  0.002604  0.182292
52   11.584635   11.636719  0.011719  0.048177
79   11.135417   11.134115  0.179688  0.088542
62   11.009115   11.106771  0.001302  0.084635
76   11.994792   12.378906  0.010417  0.505208
86   11.983073   12.014323  0.011719  0.289062
88  121.929688  122.265625  0.002604  0.186198
86  121.335938  121.476562  0.080729  0.093750
88  121.755208  121.807292  0.011719  0.095052
76  122.046875  122.983073  0.016927  0.042969
59  122.929688  123.029948  0.117188  0.220052
79  123.134115  123.230469  0.117188  0.130208
57  123.201823  123.317708  0.182292  0.071615
83  123.013021  123.242188  0.078125  0.036458
67  123.253906  123.364583  0.190104  0.092448
68  123.712240  123.761719  0.000000  0.054688
47  123.295573  123.200521  0.011719  0.156250
42  123.153646  123.319010  0.161458  0.147135
60  123.243490  123.371094  0.006510  0.062500
88  123.321615  123.427083  0.117188  0.096354
29  123.250000  123.302083  0.109375  0.059896
60  122.377604  122.339844  0.002604  0.044271
59  122.600260  122.984375  0.011719  0.355469
1  120.222656  121.144531  0.742188  0.302083
76  120.384115  120.494792  0.003906  0.165365
62  120.054688  120.196615  0.199219  0.093750
38  120.024740  120.093750  0.078125  0.136719
41  120.820312  120.651042  0.092448  0.093750
83  102.231771  102.318021  0.023438  0.052083
76  102.246094  102.369792  0.076823  0.108073
76  102.475260  102.441406  0.062500  0.085938
52  102.148438  102.251302  0.214844  0.066406
76  102.466146  102.623698  0.067708  0.067708
79  102.093750  102.208333  0.001302  0.091146
59  102.817708  102.037760  0.093750  0.084635
73  102.148438  102.207031  0.004219  0.203125
56  102.087240  102.266927  0.076823  0.131510
59  101.184896  102.020833  0.162760  0.102865
46  102.013021  102.022135  0.121094  0.048177
48  102.678385  102.847656  0.009115  0.173177
48  102.716146  102.803385  0.178385  0.093750
50  102.020833  102.131510  0.108073  0.062500
31  102.039062  102.067708  0.118490  0.148438
60  102.141927  102.223958  0.108073  0.063802
46  102.118490  102.109375  0.085938  0.079427
82  102.389323  102.567708  0.197917  0.108073
91  102.338542  102.386719  0.000000  0.033854
84  102.885417  102.934896  0.092448  0.046875
43  102.166667  102.115885  0.018229  0.079427
69  102.059896  102.001302  0.097656  0.078125
67  102.250000  102.359375  0.016927  0.046875
60  102.121094  102.240885  0.046875  0.111979
52  101.266927  101.296875  0.063802  0.069010
68  100.305990  100.459635  0.029948  0.117188
36  100.911458  100.175781  0.105469  0.040365
48  100.164062  100.246094  0.177083  0.079427
69  100.805990  100.984375  0.023438  0.118490
54  100.121094  100.138021  0.035156  0.080729
74  100.615885  100.772135  0.087240  0.070312
87  100.924479  100.929688  0.114583  0.052083
87  100.822917  100.946615  0.092448  0.061198
66  100.832031  100.826823  0.127604  0.078125
69  100.891927  100.209635  0.104167  0.111979
86  100.864583  100.856771  0.044271  0.096354
81  100.286458  100.368490  0.102865  0.069010
52  100.170573  100.079427  0.002604  0.050781
80  100.000000  100.261719  0.087240  0.037760
86  100.682292  100.750000  0.092448  0.101562
71  100.294271  100.627604  0.173177  0.049479
64  100.675781  100.873698  0.002604  0.065104
86  101.348958  101.467448  0.011719  0.049479
81  101.091146  101.141927  0.087240  0.095052
58  101.276042  101.272135  0.229167  0.123698
71  101.790365  101.985677  0.088542  0.192708
57  101.535156  101.678385  0.002604  0.096354
76  110.014323  110.247396  0.080729  0.093750
88  110.979167  110.950521  0.001302  0.121094
55  110.126302  110.148438  0.075521  0.100260
48  101.467448  101.494792  0.138021  0.136719
47  101.614583  101.674479  0.059896  0.117188
43  110.891927  110.847656  0.087240  0.046875
53  110.936198  110.940104  0.011719  0.001302
76  101.960938  101.911458  0.062500  0.104167
83  101.272135  101.246094  0.057292  0.066406
74  101.128906  101.111979  0.014323  0.057292
76  101.216146  101.509115  0.013021  0.270833
71  101.367188  101.592448  0.333333  0.216146
52  100.792969  100.871094  0.089844  0.062500
41  100.919271  100.962240  0.109375  0.079427
83  101.216146  101.240885  0.212240  0.048177
57  101.334635  101.424479  0.014323  0.071615
51  100.480469  100.397135  0.079427  0.082031
75  100.072917  100.061198  0.091146  0.075521
83  100.942708  100.977865  0.067708  0.098958
64  101.878906  102.079427  0.001302  0.098958
87  101.255208  101.732552  0.201823  0.061198
78  101.704427  102.024740  0.006510  0.315104
62  101.398438  011.550781  0.361979  0.555990
58  104.009115  104.993490  0.014323  0.437500
76  103.386719  103.375000  0.098958  0.065104
88  103.891927  103.839844  0.118490  0.042969
76  103.371094  103.549479  0.089844  0.039062
81  103.243490  108.414062  0.002604  0.143229
49  106.143229  1062.209635  0.111979  0.079427
83  1015.890625  1015.960938  0.033854  0.080729
  80  1061.050781  1061.105469  0.070312  0.190104
  59  1061.273438  1061.209635  0.003906  0.058594
  67  1016.024740  1010.252604  0.002604  0.096354
  59  1031.394531  1013.333333  0.006510  0.042969
  39  1010.420573  1010.449219  0.002604  0.042969
  54  1010.625000  1010.537760  0.020833  0.083333
  93  1010.709635  1011.001302  0.009115  0.450521
  86  1011.183802  1019.384115  0.001302  0.140625
  52  1011.329427  1011.466146  0.259115  0.023438
  61  1011.777344  1012.049479  0.005208  0.027344
58  1011.667969  1011.506510  0.014323  0.070312
75  1011.111979  1011.217448  0.010417  0.083333
  89  1010.289062  1010.679688  0.177083  0.125000
  70  1010.329427  1010.397135  0.011719  0.029948
  64  1001.022135  1000.259115  0.225260  0.062500
  58   106.296875   106.531250  0.007812  0.574219
  62   106.653646   106.773438  0.076823  0.115885
  74   106.140625   106.160156  0.006510  0.109375
  87   106.309896   106.419271  0.000000  0.089844
  46   106.919271   106.998698  0.113281  0.053385
  64   106.671875   106.884115  0.001302  0.063802
  59   106.148438   106.141927  0.003906 0.121094  0.083333
72  161.691406  161.828125  0.001302  0.042969
50  162.164062  162.252604  0.028646  0.065104
59  162.229167  162.472656  0.001302  0.057292
76  162.246094  162.481771  0.046875  0.078125
66  162.001302  171.093750  0.019531  0.059896
76  162.300781  162.325521  0.063802  0.052083
81  115.861979  115.968750  0.118490  0.078125
80  116.020833  116.098958  0.177083  0.048177
76  110.872396  110.962240  0.014323  0.050781
72  110.774740  110.472656  0.062500  0.053385
52  110.819010  110.928385  0.100260  0.063802
63  110.080729  110.093750  0.027344  0.065104
78  110.716146  110.848958  0.059896  0.063802
42  110.389323  110.204427  0.139323  0.225260
65  110.597656  110.837240  0.041667  0.070312
41  110.282552  110.294271  0.169271  0.127604
72  101.264323  101.178385  0.098958  0.058594
72  101.792969  102.055990  0.143229  0.135417
61  100.516927  100.700521  0.003906  0.046875
55  100.554688  100.510417  0.161458  0.169271
85  100.869792  100.835938  0.113281  0.055990
81  100.929688  100.979167  0.013021  0.076823
69  100.888021  100.958333  0.135417  0.044271
46  108.019531  108.001302  0.117188  0.001302
64  107.868490  107.828125  0.115885  0.095052
75  107.079427  107.118490  0.096354  0.036458
54  107.130208  107.192708  0.091146  0.061198
86  107.039062  107.062500  0.070312  0.078125
76  107.001302  107.091146  0.174479  0.035156
70  107.156250  107.235677  0.063802  0.041667
55  107.032552  107.247396  0.016927  0.053385
71  107.011719  107.075521  0.085938  0.083333
55  100.933594  100.964844  0.084635  0.079427
84  100.665365  100.848958  0.087240  0.053385
86  100.397135  100.559896  0.117188  0.125000
88  100.914062  100.779948  0.177083  0.404948
69  100.243490  100.372396  0.032552  0.049479
54  100.876302  100.916667  0.122396  0.062500
77  101.100260  101.079427  0.101562  0.136719
88  101.164062  101.121094  0.020833  0.063802
52  100.089844  100.300781  0.143208  0.067708
70  100.390625  100.330729  0.028646  0.063802
59  100.729167  100.841146  0.013021  0.023438
52  100.042969  100.134115  0.087240  0.039062
83  100.829427  100.859375  0.115885  0.049479
46  100.679688  100.744792  0.045573  0.062500
52  100.170573  100.015625  0.014323  0.158854
76  100.964844  100.953125  0.384323  0.080729
65  101.108073  101.226562  0.213542  0.305990
56  100.250000  100.440104  0.061198  0.072917
59  100.320312  100.403646  0.084635  0.039062
73  100.059896  100.188802  0.178385  0.067708
71  100.901042  100.928385  0.069010  0.058594
92   10.871094   10.850260  0.013021  0.062500
57   10.419271   10.545573  0.131510  0.089844
69   10.549479   10.757812  0.007812  0.041667
56   10.080729   10.110677  0.000000  0.065104
9   10.457031   10.522135  0.071615  0.101562
48   11.095052   11