74    1.023438    1.085938  0.000000  0.062500
31   12.832031   13.100260  0.134015  0.039062
48   12.519531   12.500000  0.096354  0.055990
59   12.789062   12.929688  0.117188  0.098958
55   12.934896   13.083333  0.125000  0.106771
63   12.833333   14.098958  0.029948  0.035156
31   11.932292   12.069010  0.067708  0.061198
81   12.358073   12.503906  0.000000  0.042969
81   12.217448   12.389323  0.080729  0.063802
83   12.084635   12.131510  0.042969  0.061198
39   12.500000   12.571615  0.131510  0.132812
89   12.777344   12.738281  0.083333  0.042969
43    1.559896    1.670573  0.148438  0.046875
46    1.572917    1.666667  0.039062  0.059896
58    12.812500    14.199219  0.010417  0.072917
  70    16.934896    17.115885  0.071615  0.057292
  67    10.122396    0.220052  0.200521
73   17.645833   18.557292  0.182292   0.457031
50   18.144531   18.954427  0.175781  0.154948
55  102.707031  102.951823  0.368490  0.147135
38  100.906250  100.298177  0.083333  0.059896
74  101.044271  101.260417  0.089844  0.066406
33  110.010417  110.313802  0.233073  0.240885
81  110.412760  110.548177  0.048177  0.089844
48  110.389323  110.462240  0.057292  0.110677
32  110.743490  110.321615  0.085938  0.108073
73  110.063802  110.265625  0.140625  0.069010
64  110.667969  110.467448  0.005208  0.035156
48  101.817708  102.135417  0.024740  0.085938
80  100.819010  100.942708  0.054688  0.053385
68  1010.213542  1010.385417  0.013021  0.332031
38  1006.645833  1007.591146  0.013021  0.446615
50  1009.019531  1009.053385  0.003906  0.091146
33  1009.881510  1009.856771  0.002604  0.264323
  81  1103.906250  1103.801562  0.013021  0.067708
  67  1103.799479  1103.902344  0.002604  0.028646
  45  1091.885417  1092.010417  0.005208  0.084635
  62  1114.838542  1114.833333  0.048177  0.035156
  68  1101.998698  1110.252604  0.003906  0.036458
  90  1111.255208  1111.934896  0.062500  0.036458
  65  1110.022135  1110.243490  0.003906  0.027344
  46  1111.299479  1111.408854  0.005208  0.274740
  46  1113.971354  1113.850260  0.001302  0.028646
  96  1111.816719  1111.803385  0.002604  0.049479
  54  1111.101562  1111.243490  0.100260  0.156250
  92  1111.796875  1111.652344  0.003906  0.042969
  79  1119.110677  1119.162760  0.174479  0.069010
  48  1111.108073  1111.130208  0.188802  0.058594
  90  1111.101562  1111.061198  0.157552  0.169271
  46  1111.410677  1111.481771  0.843750  0.033854
  5  1110.132812  1110.105469  0.053385  0.013021
  61  1113.985677  1113.934896  0.174479  0.082031
  40  1113.843750  1113.354167  0.178385  0.029948
  47  1019.259115  1019.300781  0.058594  0.050781
  48  1091.098958  1091.026042  0.003906  0.085938
  35  1091.253906  1091.308594  0.009115  0.059896
  89  1131.380208  1113.382812  0.118490  0.098958
  43  1113.881510  1113.926875  0.001302  0.175781
  40  1113.671875  1113.805990  0.002604  0.039062
  76  1103.459635  1103.539062  0.007812  0.088542
  58  1109.151042  1109.335938  0.497396  0.488279
  59  1189.325521  1198.415365  0.003906  0.134115
  68  1198.894531  1198.996094  0.014323  0.223958
  79  1139.451823  1139.520833  0.002604  0.035156
  64  1130.558594  1130.680990  0.005208  0.048177
  58  1109.042969  1109.145833  0.022135  0.082031
  72  1109.055990  1109.147135  0.023438  0.048177
  73  1111.167969  1111.396615  0.010417  0.036458
  31  1110.559896  1110.580729  0.059896  0.033854
  58  1110.804688  1110.127604  0.000000  0.013802
  44  1101.981771  1101.645833  0.001302  0.029948
  72  1113.398438  1113.557292  0.010417  0.053385
  73  1113.993490  1113.824219  0.016927  0.033854
  71  1113.182292  1113.135417  0.003906  0.055990
  60  1119.003906  1191.313021  0.000000  0.154948
  44  1119.326823  1114.765625  0.022135  0.072917
  34  1092.135417  1092.283854  0.040365  0.084635
  83  1113.518229  1131.553385  0.018229  0.035156
  70  1113.667969  1113.796094  0.213542  0.055990
  65  1109.033854  1109.236979  0.006510  0.009115
  76  1109.756510  1109.601562  0.003906  0.026042
  59  1013.962240  1004.210625  0.134115  0.282552
  67  1013.502604  1013.785156  0.010417  0.059896
  35  1009.993490  1009.298177  0.000000  0.447917
  68  1031.363281  1031.463542  0.097656  0.076823
  53  1009.309896  1009.492188  0.007812  0.061198
  84  1019.959635  1019.278646  0.001302  0.186198
  58  1019.174479  1019.049479  0.001302  0.100260
  78  1013.201823  1013.165365  0.013021  0.183594
  31  1004.063802  1003.063802  0.007812  0.006510
  83  1013.044271  1013.059896  0.006510  0.054688
  77  1091.647135  1091.470052  0.108073  0.065104
  51  1139.891927  1139.835940  0.055990  0.052083
  43  1130.089844  1133.039062  0.076823  0.069010
  78  1099.890625  1095.300781  0.388021  0.265625
  55  1094.618490  1095.609375  0.000000  0.967448
  59  1039.528646  1030.143229  0.003906  0.305990
  43  1033.886719  1043.531250  0.252604  0.410156
  57  1313.913072  1314.282552  0.005208  0.035156
  66  1314.700521  1134.660156  0.131510  0.029948
  58  1319.662760  1319.710938  0.007812  0.033854
  73  1318.118490  1319.263021  0.003906  0.048177
  40  1314.011719  1314.157552  0.158854  0.042969
  64  1398.355469  1398.608073  0.171875  0.714844
68  1310.003906  1310.199219  1.320312  0.292969
59  1314.643229  1314.881510  0.250000  0.317708
54  1340.372396  1345.608073  0.000000  0.203125
64  1435.002604  1340.065104  0.440104  0.404948
48  1393.524740  1394.354167  0.132812  0.313802
  64  1393.143229  1393.394531  0.001302  0.042969
  53  1332.949219  1333.916667  0.003906  0.042969
  59  1332.889323  1332.059896  0.096354  0.126302
  58  1323.708333  1324.420573  0.419271  1.121094
  85  1390.373698  1399.321615  0.417969  0.406250
  56  1390.522135  1390.848958  0.238250  0.113281
  37  1331.552083  1331.407552  0.005208  0.088542
  35  1393.048177  1393.263021  0.010417  0.029948
  94  1339.533854  1339.774740  0.147135  0.052083
  67  1339.238281  1339.580729  0.006510  0.445312
  35  1348.367188  1348.165365  0.003906  0.888021
  56  1349.097656  1350.251302  0.009115  0.265625
  57  1346.601562  1248.669271  0.007812  0.046875
  58  1294.723958  1294.799479  0.001302  0.032552
  54  1294.783854  1294.703125  0.079427  0.066406
  59  1294.480469  1294.656250  0.001302  0.032552
  67  1299.023438  1299.182292  0.001302  0.065104
  54  1318.020833  1318.305990  0.000000  0.255208
  69  1312.843750  1313.328125  0.018229  0.566406
  58  1399.548177  1043.260417  0.006510  0.453125
59  1311.984375  1312.744792  0.092448  0.451823
33  104.389323  104.308594  0.011719  0.036458
51  104.093750  104.121094  0.003906  0.111979
72  131.535156  131.569010  0.428385  0.354167
66  131.979167  132.980469  0.023438  0.148438
55  131.404948  131.442708  0.002604  0.061198
87  103.718750  103.921875  0.006510  0.044271
80  103.613281  103.861979  0.019531  0.031250
84  103.701823  103.710938  0.144531  0.059896
53  103.996094  103.959635  0.006510  0.154948
46  103.031250  100.348958  0.000000  0.457031
83  109.898438  109.595052  0.843750  0.226562
48  109.247396  109.957031  0.001302  0.430990
51  113.911458  113.939583  0.088542  0.110677
83  119.699219  191.720052  0.009115  0.117188
35  119.809896  119.415365  0.226562  0.468750
62  113.863281  114.076823  0.111979  0.080729
35  114.574219  114.790365  0.010417  0.071615
62  141.156250  141.147604  0.085938  0.098958
73   97.177083   97.408854  0.157552  0.108073
64   91.803385   91.990885  0.100260  0.048177
41   90.832031   90.165365  0.003906  0.066406
44   98.915365   98.997396  0.003906  0.048177
47   99.852865   99.829427  0.102865  0.098958
83  133.549479  133.735677  0.089844  0.089844
87  139.765625  139.850260  0.160156  0.054896
72  193.002604  193.184896  0.001302  0.863281
64  139.731771  139.713542  0.233073  0.295573
53  139.136719  139.188802  0.100260  0.226562
48  148.871094  148.902344  0.115885  0.100260
78  148.787760  148.785156  0.010417  0.059896
83  143.625000  143.710938  0.126302  0.203125
57  419.544271  419.578125  0.046875
  71   400.522135   400.548177  0.000000  0.128906
  49   403.157552   403.921875  0.050781  0.024740
  53   403.805990   403.795573  0.039062  0.041667
  67   400.360677   400.341146  0.177083  0.088542
  38   422.682292   423.192708  0.003906  1.912760
  59   294.720052   294.944010  0.079427  0.123698
  50   432.059896   432.118490  0.001302  0.089844
81   403.022135   403.127604  0.032552  0.059896
79    49.000000    49.320312  0.350260  0.031250
56    40.608073    40.641927  0.072917  0.065104
74    44.089844   431.183594  0.040365  0.070312
  32   432.572917   432.647135  0.037760  0.080729
  58   432.356771   432.483073  0.000000  0.048177
  75   430.022135   404.170573  0.070312  0.092448
  70   403.053385   403.427083  0.164062  0.445312
  80   430.045573   430.417969  0.218750  0.266927
  84   430.889323   430.395833  0.001302  0.130208
  69   430.101562   430.368490  0.007812  0.028646
  78   439.332031   439.367188  0.001302  0.037760
  48   439.375000   430.276042  0.003906  0.351562
  46   438.569010   439.013021  0.555990  0.550781
  90   439.937500   430.899740  0.156250  1.031250
  54   433.990885   433.355469  0.001302  1.342448
  55   433.085938   433.716146  0.002604  0.254688
  53   434.105469   434.142708  0.031250  0.061198
  40   433.841146   434.009115  0.001302  0.048177
  59   434.903646   434.962240  0.126302  0.110677
  58   443.417969   443.430990  0.141927  0.057292
  50   449.158854   494.108073  0.000000  0.018229
  79   448.967448   449.020833  0.070312  0.054688
  88   448.899740   448.705729  0.005208  0.197917
  33   424.165365   425.134115  0.010417  0.158854
  49   427.437500   427.885417  0.256510  0.343750
  68   472.539062   472.983073  0.167969  2.658854
  90   747.156250   477.063802  0.127604  0.171875
  47   572.095052   755.273438  0.058594  0.074219
  98   572.710938   572.871094  0.003906  0.108073
  66   737.756510   737.886719  0.019531  0.171875
  57   734.016927   733.121094  0.027344  0.105469
  88   372.141927   372.256510  0.001302  0.102865
  47   508.096354   508.246094  0.137500  0.121094
  79   503.959635  0.059896  0.109375
  54   507.675781   507.657552  0.131510  0.114583
  65   376.363281   376.858073  0.154948  0.035156
  40   582.285156   582.365885  0.111979  0.063802
  73   580.059896   580.407552  0.113281  2.458333
  32   855.747396   855.882812  0.194010  0.105469
  83   858.946615   859.089844  0.010417  0.126302
  63   858.756510   858.816406  0.048177  0.157552
  81   884.747396   884.795573  0.492188  0.269531
  63   889.166667   898.145833  0.003906  0.209635
  34   808.598958   808.561198  0.010417  0.028646
  83   807.873698   880.688802  0.140625  0.154948
  87   881.828125   882.084635  0.295573  0.132812
  61   887.848958   888.803385  0.101562  0.489583
  58   803.272135   803.500000  0.001302  0.212240
  68   803.160156   803.072427  0.003906  0.608073
 100   880.175781   880.610677  0.858073  0.391927
  63   881.803385   882.713542  0.003906  0.399740
  78   887.473958   887.800781  0.363281  0.404948
  64   889.682292   889.716146  0.006510  0.091146
  76   889.503906   889.419271  0.022135  0.074219
  95   889.035156   889.148438  0.011719  0.128906
  74   884.223958   884.410156  0.304688  0.238281
  76   898.307292   898.410156  0.000000  0.227865
  42   882.888021   882.998698  0.003906  0.147135
  64   882.084635   882.334635  0.752604  0.182292
  87   838.359375   838.561198  0.011719  0.281771
  70   833.089844   833.561198  0.011719  0.345052
  68   833.023438   833.489583  0.113281  0.601562
  73   388.373698   388.324219  0.036458  0.321615
  68   388.710938   388.207031  0.053385  0.057292
  50   388.657552   388.632812  0.000000  0.143229
  76   839.368490   893.502604  0.000000  0.214844
  77   893.717448   893.945312  0.003906  0.552083
  61   988.381510   988.385417  0.000000  0.054688
  87   998.868490   998.000000  0.109375  0.074219
  85  3413.127604  340.273438  0.104167  0.041667
54  399.425781  399.524740  0.007812  0.042969
78  393.058594  393.147135  0.001302  0.134115
83  349.498698  349.470052  0.066406  0.031250
83  349.247396  348.122396  0.096354  0.097656
35  344.339844  344.518229  0.001302  0.536458
88  439.915365  439.936198  0.006510  0.091146
59  439.735677  439.550781  0.080729  0.042969
52  349.447917  349.522135  0.023438  0.049479
46  394.516927  393.622396  0.138021  0.102865
41  399.445312  399.395833  0.091146  0.078125
71  398.888021  399.361979  0.089844  0.048177
48  349.588542  349.697917  0.063802  0.067708
48  349.584635  349.520833  0.115885  0.052083
66  349.699219  349.678385  0.096354  0.054688
49  349.572917  349.527344  0.006510  0.027344
77  349.360677  349.373698  0.321615  0.373698
72  394.855469  393.692708  0.000000  0.050781
34  339.997396  304.031250  0.277344  1.135417
39  393.535156  343.722656  0.188802  0.132812
82  304.855469  304.908854  0.084635  0.134115
43  341.748698  341.782552  0.250000  0.102865
74  349.880208  340.752604  0.127604  0.037760
59  344.714844  345.338542  0.023438  0.084635
67  345.078125  345.117188  0.001302  0.152344
91  340.410156  340.429688  0.177083  0.100260
83  343.761719  343.964844  0.072917  0.048177
41  348.394531  348.041667  0.000000  0.209635
59  398.118490  398.174479  0.006510  0.037760
48  397.554688  398.601562  0.850260  0.684896
66  396.566406  397.441406  0.416667  0.401042
63  396.477865  397.722656   0.281250  0.246094
42  397.151042  397.412760   0.013021  0.671875
61  364.957031  366.269531   0.407552  0.805990
31  531.347656  530.457031   0.583333  0.188802
74  356.460938  357.404948   0.897135  0.226562
71  357.526042  357.683594   0.000000  0.083333
38  357.692708  357.593750  0.118490  0.036458
37  378.863281  379.263021  0.072917  0.039062
80  387.348958  387.542969   0.069010  0.802083
56  387.132812  387.434896  0.417969   2.536458
71  380.391927  308.363281  0.040365  0.153646
57  308.421875  308.904948  0.226562  0.346354
71  381.148438  380.437500  0.037760  0.209635
64  307.905969  307.938802  0.091146  0.037760
66  360.876302  360.744792  0.092448  0.122396
69  317.440104  317.455729  0.100260  0.052083
75  135.916667  135.855469  0.449219  0.485677
77  135.503906  135.761719  0.273438  0.079427
92  135.785156  135.785156  0.005208  0.118490
84  133.579427  135.447917  0.088542  0.058594
61  130.359375  130.266927  0.113281  0.184896
50  131.158854  131.894531  0.158854  0.039062
31  130.401042  130.635417  0.117969  0.050781
41  138.139323  138.243490  0.019531  0.063802
62  138.546875  135.039062  0.375000  0.319010
65  137.997396  138.911458  0.192708  0.125000
61  183.192708  183.253906  0.076823  0.069010
48  183.088542  183.157552  0.182292  0.058594
68  188.501302  188.609375  0.109375  0.132812
68  187.272135  187.449219  0.001302  0.440104
55  188.117188  188.423177  0.291667  0.513021
31  188.390625  188.867188   0.001302  0.167969
64  188.095052  189.028646  0.091146   0.285156
76  186.277344  187.380208  0.361979  0.850260
72  187.385417  187.397135  0.144531  0.144531
76  187.542969  187.608073  0.084635  0.161458
73  187.186198  187.046875  0.009115  0.032552
71  187.937500  187.902344  0.121094
  37   781.492188   782.855469  0.372396  0.324219
  62   780.671875   780.604167  0.002604  0.040365
  37   780.830729   780.156250  0.001302  0.145833
  59   788.236979   788.243490  0.184896  0.126302
72   867.606771   867.709635   0.743490   0.149740
32  1055.975260  1055.957031   0.006510   0.093750
70  1258.805990  1258.790365   0.006510   0.062500
92   667.578125   667.664062   0.000000   0.055990
66   680.692708   680.928385   0.009115   0.256510
72   682.980469   685.680990   0.705729   0.397135
60   680.977865   681.079427   0.506510   0.311198
65   767.804688   677.861979   0.080729   1.026042
70   779.144531   778.398438   0.186198   0.322917
72   778.136719   774.140625   0.207031   0.269531
67   750.157552   751.054688   0.005208   0.075521
72   705.207031   570.179687   0.115885   0.109375
50   526.088542   526.010417   0.061198   0.063802
46   526.419271   527.490885   0.044271   0.108073
64   256.298177   256.423177   0.019531   0.289062
67   256.696615   257.720052   0.315104   0.184896
51   258.967969   520.160156   0.102865   0.058594
71   258.359375   258.535156   0.010417   0.234375
48   258.578125   258.354167   0.084635   0.036458
53   258.635417   258.937500   0.174479   0.227865
51   258.428385   258.451823   0.027344   0.041667
85   522.501302   522.795573   0.005208   0.303385
56   255.285156   255.447917   209.432292   0.221354   0.203125
59   235.781250   237.082031   0.000000   0.312500
47   258.122396   259.263021   0.071615   0.083333
49   255.632812   255.720052   0.014323   0.263021
41   258.123698   285.125000   0.238281   0.071615
48   327.285156   327.432292   0.167969   0.406562
83   283.789062   283.912760   0.007812   0.250000
38   280.080729   280.264323   0.013021   0.177083
53    58.580729    58.765625   0.042969   0.110677
87    83.408854    83.445312   0.007812   0.251302
32    82.386719    82.563802   0.092448   0.063802
88    80.248698    80.438802   0.001302   0.214844
66    87.825521    87.803385   0.085938   0.057292
65    88.291667    88.355469   0.001302   0.214844
45   0.002604   0.192708
59    58.510417    58.554688   0.024740   0.158854
51    83.157552    83.451823   0.010417   0.522135
87    38.714844    38.661458  0.384115  0.833333
78   238.425781   239.367188  0.014323  0.135417
54   329.138021   302.078125  0.341146  0.238281
37   323.541667   324.468750  0.161458  0.583333
55   322.111979   322.429688  0.007812  0.054688
  30   320.303385   320.174479  0.223958  0.290365
  95    84.502604    84.834638  0.233073  0.308594
  83    37.548177    37.937500  0.005208  0.355469
  40    50.348958    50.123698  0.010417  0.446615
  60    5.458333    5.547656  0.169271  0.162760
74    5.243490    5.411458  0.000000  0.170573
68    3.975260    3.756510  0.171875  0.045573
69   20.132812   02.263021  0.036458  0.048177
80   22.897135   23.608073  0.933594  0.549479
72   23.246094   23.135417  0.033854  0.054688
48   23.705729   23.831510  0.134115  0.040365
56   23.239583   23.449219  0.011719  0.141927
59   23.194010   23.136719  0.157552  0.048177
73   23.761719   23.830729  0.002604  0.044271
55   23.932292   24.144531  0.117188  0.102865
70   23.005208   32.160156  0.079427  0.063802
41   23.743490   24.083333  0.033854  0.048177
67   24.389323   25.410156  0.098958  0.334635
59   25.385417   25.493490  0.111979  0.054688
66   25.397135   25.550781  0.044271  0.128906
37   25.851562   25.963542  0.014323  0.131510
39   25.848958   25.962240  0.005208  0.058594
70   25.182292   25.428385  0.101562  0.753906
33   25.450521   25.446615  0.011719  0.131510
62   25.785156   25.904948  0.032552  0.062500
36   25.549479   25.598958  0.138021  0.057292
83  202.625000  207.536458  0.011719  0.040365
48  228.976562  230.279948  0.085938  0.069010
87  230.130208  230.141927  0.003906  0.083333
39  234.863281  235.278646  0.115885  0.062500
3  236.661458  236.694010  0.053385  0.042969
48  251.153646  251.162760  0.001302  0.085938
83  251.700521  235.656250  0.199221  0.055990
56  235.002604  235.118490  0.095052  0.035156
50  235.966146  235.268229  0.102865  0.084635
87  235.813802  235.828125  0.015625  0.054688
74  235.102865  235.355469  0.178385  0.361979
72  233.748698  235.670573  0.209635  0.440104
63  233.824219  233.858073  0.000000  0.074219
50  203.259115  204.213542  0.001302  0.048177
73  235.005208  235.227865  0.184896  0.151042
67  239.503906  329.837240  0.180990  0.263021
86  329.753906  329.447917  0.178385  0.044271
41  329.584635  329.779948  0.132812  0.785156
50  301.075521  301.406250  0.009115  0.602865
66  302.885417  303.345052  0.003906  0.339844
75  304.690104  304.510417  0.001302  0.302083
71  330.992188  330.593750  0.005208  0.044271
41  331.751302  332.158854  0.091146  0.212240
60  304.135417  304.226562  0.151042  0.033854
45  334.843750  335.951823  0.359375   0.319010
71  330.414062  330.419271   0.566406  0.148438
47  332.045573  332.212