74    1.023438    1.085938  0.000000  0.062500
43    1.406250    1.506510  0.002604  0.032552
69    1.583333    1.585938  0.003906  0.040365
49   12.714844   12.861979  0.187500  0.216146
69   12.796875   12.924479  0.239583  0.139323
73   12.834635   13.149740  0.005208  0.290365
7   12.916667   13.203125  0.011719  0.203125
47   12.779948   12.994792  0.167969  0.203125
55   12.791667   13.089844  0.248698  0.255208
73   12.958333   13.436198  0.001302  0.446615
47   12.769531   13.246094  0.380208   0.553385
59   12.713542   12.975260  0.019531   0.250000
68   12.772135   12.921875  0.009115   0.223958
72   12.829427   13.347656  0.188802   0.421875
68   12.975260   13.098958  0.549479   0.135417
57   12.927083   13.286458  0.010417   0.266927
73   13.141927   13.369792  0.011719   0.156250
51   13.320312   13.751302  0.226562   0.776042
76   14.156250   14.493490  0.018229   4.471354
65    1.427083    1.527344  0.037760   0.084635
51    1.522135    1.658854  0.196615   0.057292
47   12.889323   13.110677  0.023438   0.158854
47   12.977865   13.444010  0.230469   0.377604
75   20.141927   20.321615  0.007812   0.160156
65   20.351562   21.088542  0.003906   2.513021
55   20.256510   20.911458  0.013021   0.342448
65   20.949219   21.576823   0.024740  0.863281
63   21.272135   22.393229   0.041667  0.816406
33   21.407552   21.520833   0.014323  0.171875
59  215.092448  215.190104   0.006510  0.049479
57  215.268229  215.376302   0.006510  0.067708
41  215.261719  215.404948   0.000000  0.108073
69  215.320312  215.480469   0.174479  0.164062
71  215.438802  215.513021   0.205729  0.055990
59  215.287760  215.347656   0.007812  0.037760
31  215.290365  215.440104   0.000000  0.121094
66  215.526042  215.476562   0.010417  0.039062
75  262.128906  262.203125   0.098958  0.100260
73  262.278646  262.321615   0.010417  0.041667
59  262.377604  262.343750   0.059896  0.001042
66  274.436198  274.440104   0.007812  0.070312
69  274.411458  274.473958   0.013021  0.033854
73  274.421875  274.421875   0.009115  0.033854
72  274.363281  274.428385   0.001302  0.041667
71  274.468750  274.479167   0.014323  0.040365
64  274.597656  274.595052   0.011719  0.022135
66  274.703125  274.756510   0.002604  0.061198
76  274.815104  274.972656   0.294271  0.036458
66  274.769531  274.906250   0.000000  0.177083
75  274.108073  274.175781   0.001302  0.053385
64  274.140625  274.209635   0.001302  0.108073
66  274.221354  274.221354   0.289062  0.035156
64  274.127604  274.218750   0.010417  0.032552
38  274.229167  274.010417   0.049479  0.076823
71  274.123698  274.156250   0.002604  0.027344
76  274.138021  274.171875   0.022135  0.044271
74  274.143229  274.220052   0.000000  0.037760
54  274.177083  274.287760   0.001302  0.076823
71  274.268229  274.283854   0.006510  0.069010
38  274.321615  274.449219   0.009115  0.058594
40  274.462240  274.552083   0.002604  0.096354
69  274.583333  274.634115   0.011719  0.040365
62  274.773438  274.950521   0.010417  0.178385
38  274.764323  274.903646   0.001302  0.158854
64  274.592448  274.815104   0.003906  0.178385
62  274.713542  274.723958   0.001302  0.041667
38  257.975260  258.115885   0.003906  0.145833
66  258.013021  258.235677   0.001302  0.175781
59  258.055990  258.203125   0.003906  0.170573
37  258.174479  258.167969   0.082031  0.062500
33  258.175781  258.292969   0.002604  0.130208
53  258.408854  528.595052   0.007812  0.179688
42  527.453125  527.674479   0.187500  0.213542
69  527.596354  527.816406   0.011719  0.260417
66  527.747396  528.005208   0.005208  0.253906
69  258.510417  258.777344   0.001302  0.272135
62  258.802083  259.011719   0.001302  0.179688
69  258.153646  258.203125   0.011719  0.036458
46  258.515625  258.475260   0.001302  0.049479
57  258.566406  258.623698   0.002604  0.058594
73  258.497396  258.678385   0.200521  0.167969
72  258.675781  258.766927   0.001302  0.088542
63  258.735677  258.768229   0.009115  0.029948
64  258.786458  258.833333   0.003906  0.035156
33  258.725260  258.756510   0.001302  0.045573
38  258.778646  259.003906   0.001302  0.236979
63  258.975260  529.013021   0.186198  0.031250
83  258.773438  259.010417   0.000000  0.298177
69  259.066406  259.164062   0.003906  0.088542
71  259.324219  259.411458   0.009115  0.039062
64  259.441406  259.475260   0.014323  0.040365
64  259.566406  259.683594   0.109375  0.162760
63  259.640625  259.703125   0.001302  0.063802
64  259.731771  259.864583   0.002604  0.066406
65  259.848958  259.954427   0.216146  0.096354
33  259.957031  259.936198   0.019531  0.072917
66  259.847656  259.929688   0.003906  0.091146
64  259.906250  259.960938   0.002604  0.031250
86  259.927083  520.078125   0.131510  0.138021
62  259.723958  259.835938   0.000000  0.125000
74  259.730469  259.746094   0.023438  0.078125
54  259.377604  259.386719   0.013021  0.028646
69  258.635417  259.686198   0.003906  0.713542
62  259.169271  259.503906   0.000000  0.298177
49  259.348958  259.501302   0.277344  0.207031
60  259.526042  259.880208   0.787760  0.304688
47  259.835938  260.135417   0.000000  0.281250
47  259.955729  260.301771   0.006510  0.522135
62  250.065104  250.302083   0.000000  0.389323
59  250.244792  250.382812   0.109375  0.079427
31  250.106771  250.113281   0.018229  0.035156
59  250.450521  250.417969   0.001302  0.027344
87  250.540365  250.580729   0.003906  0.066406
66  250.696615  250.796875   0.001302  0.082031
64  250.718750  250.742188   0.006510  0.036458
57  258.080729  258.165365   0.007812  0.076823
71  258.075521  258.199219   0.158854  0.127604
78  258.080729  258.165365   0.253906  0.042969
73  258.091146  258.121094   0.000000  0.032552
62  258.381510  258.407552   0.010417  0.055990
68  258.546875  258.622396   0.265625  0.032552
62  257.768229  257.912760   0.001302  0.174479
59  257.804688  257.875000   0.002604  0.119792
73  258.002604  259.053385   0.299479  0.036458
69  259.121094  259.385417   0.002604  0.203125
64  284.354167  284.471354   0.005208  0.062500
33  258.135417  258.152344   0.013021  0.027344
64  258.173177  258.169271   0.015625  0.031250
64  258.361979  258.433594   0.002604  0.040365
64  255.731771  255.768229   0.003906  0.029948
64  255.705729  255.757812   0.032552  0.062500
37  255.730469  255.777344   0.097656  0.082052
62  255.942708  256.009115  0.005208  0.055990
50  256.057292  256.111979  0.139323  0.058594
62  256.160156  256.235677  0.001302  0.106771
84  256.264323  256.510417  0.048177  0.222656
64  256.385417  256.458333  0.011719  0.066406
50  256.416667  256.462240  0.000000  0.040365
79  256.430990  256.445312  0.062500  0.057292
59  256.473958  256.460938  0.078125  0.061198
79  256.566406  256.721354  0.091146  0.195312
65  256.541667  256.611979  0.095052  0.055990
75  256.658854  256.746094  0.001302  0.088542
52  256.688802  256.772135  0.000000  0.122396
65  256.731771  256.895833  0.116678  0.161458
49  256.830729  256.865885  0.083333  0.066406
68  257.072917  257.213542  0.000000  0.121094
51  257.179688  257.272135  0.089844  0.087240
64  257.351562  257.507812  0.075521  0.128906
36  257.371094  255.404948  0.079427  0.072917
83  255.093750  255.157552  0.011719  0.044271
35  253.363281  253.321615  0.101562  0.029948
69  253.376302  253.437500  0.000000  0.070312
88  253.335938  253.322917  0.007812  0.032552
86  235.638021  235.610677  0.005208  0.037760
88  235.830729  235.923177  0.091146  0.098958
64  236.075521  236.153646  0.002604  0.049479
64  230.720052  230.798177  0.080729  0.049479
48  230.039062  230.535156  0.050781  0.444010
65  230.401042  230.665365  0.031250  0.217448
84  230.738281  230.816406  0.108073  0.111979
88  230.037760  230.184896  0.023438  0.128906
64  230.276042  230.695312  0.117188  0.623698
79  230.335938  230.683594  0.001302  0.407552
7   23.453125   24.196615  0.072917  0.660156
73   23.703125   24.028646  0.240885  0.605469
48   23.740885   24.106771  0.006510   0.404948
48   23.759115   24.347656  0.210938   0.514323
74   23.777344   24.274740  0.036458   0.386719
71   24.067708   24.994792  0.718750  0.230469
56   23.947917   42.942708  0.048177  0.062500
64   24.921875   24.990885  0.082031  0.065104
76   24.992188   25.269531  0.315104  0.273438
50   24.166667   24.326823  0.136719  0.199219
43   24.368490   24.441406  0.174479  0.066406
71   24.558594   24.600260  0.091146  0.061198
73   24.502604   24.476562  0.005208  0.098958
61   24.660156   24.794271  0.118490  0.082031
69   24.790365   24.903646  0.182292  0.115885
46   24.881510   24.910156  0.178385  0.046875
69   24.975260   25.069010  0.087240  0.114583
57   24.911458   24.998698  0.036458  0.085938
76   24.791667   24.864583  0.187500  0.067708
67   24.712240   24.776042  0.121094  0.054688
47   24.774740   24.880208  0.148438  0.075521
54   24.768229   24.876302  0.095052  0.145833
38   24.938802   25.078125  0.110677  0.121094
64   24.972656   25.044271  0.178385  0.071615
59   24.798177   24.891927  0.010417  0.101562
73   24.707031   24.794271  0.104167  0.058594
85   24.716146   24.888021  0.070312  0.135417
59   24.833333   24.942708  0.109375  0.109375
57   24.765625   24.841146  0.016927  0.071615
63   24.782552   24.989583  0.191406  0.138021
69   24.994792   25.468750  0.687500  0.539062
52   24.796875   24.947917  0.161458  0.204427
86   42.447917   42.743490  0.315104  0.417969
6   42.572215   42.763021  0.082031  0.153646
59   42.703125   42.848958  0.003906  0.151042
65   42.708333   42.790365  0.001302  0.082031
69   42.832031   42.986979  0.002604  0.117188
78   42.997396   44.132812  0.130208  0.152344
79   43.907552   44.572917  0.454427  0.493490
43   43.937500   44.497396  0.022135  0.574219
66   44.046875   44.582031  0.006510  0.498698
69   44.057292   44.309896   0.615885  0.312500
47   44.026042   45.066406  0.032552   0.248698
78   44.067708   44.373698  0.184896   0.285156
76   44.302083   44.535156  0.023438   0.199219
53   44.492188   44.847656  0.007812   0.342365
52   45.019531   45.143229  0.031250   0.197917
75   45.067708   45.313802  0.238281   0.296875
62   44.678385   44.800781  0.115885   0.191406
71   44.697917   46.207031  0.015625   3.630208
79   44.960938   54.197917  0.010417   0.272135
44   45.213542   45.542969  0.220052   0.345052
54   43.315104   43.756510  0.134115   0.390625
43   43.510417   43.794271  0.010417   0.216146
47   44.066406   45.039062  0.013021   0.197917
75   44.079427   45.121094  0.098958  0.195312
61   44.287760   45.035156  1.088542  0.456510
3   44.677083   45.076823  0.838542  0.382812
63   44.626302   45.506510  0.020833   0.997396
57   45.158854   45.289062  0.019531   0.190104
51   45.602865   45.855469  0.111979   0.273438
62   45.619792   470.755208   0.010417   0.260417
62   456.914062   457.139323   0.013021   0.165365
48   456.942708   457.108073   0.240885   0.167969
69   456.915365   457.052083   0.014323   0.128906
72   456.122396   456.351562   0.316406   0.199219
44   455.295573   456.063802   0.009115   0.369792
39   455.552083   455.687500   0.000000   0.097656
44   544.053385   544.848958   0.002604   0.320312
65   544.263021   544.626302   0.238281   0.266927
48   455.440104   455.677083   0.026042   1.158854
68   455.156250   455.627604   0.191406   0.721354
82   455.238281   455.714844   0.002604   0.819010
49   455.476562   544.904948   0.002604   0.631510
66   544.002604   544.341146   0.009115   0.373698
68   540.460938   540.549479   1.407552   0.157552
63   540.820312   541.240885   0.005208   0.328125
66   515.024740   515.212240   0.006510   0.296875
72   515.203125   515.380208   0.022135   0.158854
49   515.040365   515.225260   0.031250   0.231771
72   515.397135   515.631510   0.001302   0.253906
61   515.532552   515.730469   0.003906   0.196615
63   515.575521   515.916667   0.003906   0.345052
65   515.440104   515.799479   0.001302   0.450521
53   515.475260   515.677083   0.003906   0.197917
49   551.291667   551.449219   0.005208   0.141927
43   551.419271   551.472656   0.001302   0.083333
36   551.333333   551.502604   0.001302   0.200521
47   505.083333   504.315104   0.022135   0.307292
43   356.747396   356.945312   0.002604   0.209635
54   351.713542   352.289062   0.024740   3.445312
59   530.192708   530.467448   0.100260   0.277344
51   503.307292   503.390625   0.001302   0.158854
70   356.234375   356.524740   0.102865   0.253906
44   356.296875   356.445312   0.007812   0.131510
52   356.567708   356.842448   0.244792   0.294271
51   356.372396   356.449219   0.010417   0.049479
51   356.445312   356.542969   0.192708   0.140625
39   356.572917   356.735677   0.001302   0.128906
46   356.522135   356.687500   0.001302   0.132812
43   356.436198   356.606771   0.126302   0.128906
72   356.609375   356.678385   0.001302   0.059896
60   356.455729   356.630208   0.216146   0.143229
51   356.528646   356.696615   0.001302   0.148438
52   356.561198   356.916667   0.220052   0.350260
44   356.932292   357.114583   0.000000   0.229167
43   356.815104   356.946615   0.003906   0.158854
48   356.764323   356.906250   0.101562   0.134115
51   356.630208   356.739583   0.026042   0.131510
51   530.721354   530.994792   0.000000   0.268229
77   530.692708   530.985677   0.000000   0.390625
79   356.084635   356.316406   0.001302   0.247396
51   355.933594   356.123698   0.196615   0.208333
61   356.014323   356.251302   0.014323   0.286458
44   356.298177   356.910156   0.010417   0.368490
55   365.453125   365.540365   0.001302   0.130208
82   365.641927   365.936198   0.010417   0.251302
67   365.613281   365.726562   0.191406   0.143229
39   365.878906   365.960938   0.088542   0.134115
58   366.003906   366.111979   0.003906   0.123698
65   365.882812   365.964844   0.095052   0.121094
82   366.001302   366.092448   0.113281   0.117188
72   365.955729   366.042969   0.154948   0.151042
84   360.889323   360.949219   0.096354   0.089844
82   360.951825   361.404948   0.002615   0.455729
51   360.020833   360.122396   0.075521   0.085938
87   361.135417   361.214844   0.080729   0.091146
55   361.364583   361.484375   0.117188   0.095052
83   361.338542   361.393229   0.188802   0.031250
80   361.248698   361.408854   0.001302   0.138021
72   361.375000   361.488281   0.011719   0.076823
48   361.526823   361.751302   0.049479   0.236979
39   361.665365   361.744792   0.218750   0.110677
60   361.733073   362.059896   0.351562   0.414062
51   510.419271   510.432292   0.023438   0.123698
51   510.540365   513.605469   1.130208   0.231771
71   515.020833   515.393229   0.005208   0.368490
40   515.001302   515.190104   0.003906   0.236979
46   515.001302   515.268229   0.027344   0.291667
44   515.089844   515.376302   0.024740   0.337240
68   515.238281   516.194010   0.304688   0.674479
43   515.014323   515.420573   0.019531   0.408854
55   515.285156   515.575521   1.130208   0.294271
41   512.511719   513.622396   0.000000   0.486979
80   515.204427   515.311198   0.194010   0.126302
80   515.227865   515.463542   0.014323   0.298177
61   515.259115   515.446615   0.023438   0.200521
63   501.542969   510.716146   1.455729   0.377604
44   510.246094   510.488281   0.218750   0.329427
48   362.450521   362.694010   0.212240   0.205729
37   362.565104   362.669271   0.015625   0.097656
87   365.087240   365.158854   0.009115   0.053385
55   365.001302   365.042969   0.037760   0.031250
59   365.000000   365.079427   0.102865   0.059896
39   365.005208   365.140625   0.118490   0.135417
46   365.063802   365.227865   0.014323   0.130208
53   365.520833   365.657552   0.315104   0.100260
59   365.065104   356.126302   0.125000   0.136719
44   350.671865   350.772135   0.080729   0.114583
39   350.695312   350.691406   0.130208   0.054688
41   375.528646   362.710938   0.001302   0.179688
56   363.713542   363.826823   0.007812   0.138021
48   364.005208   364.100260   0.000000   0.069010
71   364.723958   364.796875   0.070312   0.084635
75   365.157552   356.298177   0.248698   0.270833
55   356.200521   356.369792   0.000000   0.158854
51   355.738281   355.811198   0.001302   0.089844
51   355.890625   355.986979   0.003906   0.100260
51   355.855469   355.962240   0.006510   0.061198
56   355.920573   356.019531   0.019531   0.048177
85   356.014323   356.121094   0.046875   0.119792
55   356.307292   356.454427   0.089844   0.125000
51   356.404948   356.619792   0.080729   0.167969
86   356.437500   356.593750   0.001302   0.123698
39   356.548177   356.714844   0.002604   0.199219
56   356.611979   356.742188   0.000000   0.177083
73   356.519531   356.643229   0.001302   0.075521
36   356.597656   356.963854   0.002604   0.472656
65   356.562500   356.897135   0.007812   0.313802
44   356.450521   356.714844   0.003906   0.309896
80   356.497396   356.710938   0.009115   0.298177
55   356.210938   356.579427   0.006510   0.313802
89   356.397135   356.548177   0.014323   0.180990
56   356.553385   356.614583   0.019531   0.059896
32   356.621094   356.608073   0.011719   0.048177
39   356.658854   356.739583   0.117188   0.087240
62   356.746094   356.834635   0.000000   0.148438
48   356.665365   356.820312   0.005208   0.131510
51   356.757812   356.906250   0.156250   0.188802
44   356.709635   356.942708   0.311198   0.299479
63   503.635417   504.014323   1.230469   0.351562
50   503.647135   503.721354   0.011719   0.153646
52   530.639323   530.976562   0.024740   0.335938
39   503.644531   530.838542   0.032552   0.213542
44   505.101562   505.303385   0.000000   0.247396
62   550.069010   550.355469   0.009115   0.216146
48   550.282552   551.476562   0.033854   3.373698
69   503.419271   584.695312   0.007812   0.303385
80   559.239583   559.511719   0.490885   0.252604
62   559.718750   559.730469   0.234375   0.141927  0.175781
62  375.835938  375.772135   0.160156  0.071615
74  357.993490  358.066406   0.178385  0.109375
75  358.076823  358.192708   0.178385  0.148438
62  358.102865  358.184896   0.175781  0.108073
61  358.156250  358.286458   0.169271  0.156250
69  357.438802  357.630208   0.151042  0.289062
66  357.383333  357.483062   0.194010  0.123698
38  357.421875  537.468750   0.048177  0.079427
71  552.638021  552.848958   0.000000  0.286458
74  552.484375  552.717448   0.001302  0.153646
62  553.167969  553.595052   0.002604  0.640625
71  552.468750  552.897135   0.010417  0.708333
42  552.391927  552.595052   0.013021  0.205729
73  552.355469  552.945312   0.020833  0.932292
64  537.453125  537.808594   0.014323  1.225260
45  537.355469  537.489583   0.227865  0.175781
59  537.575521  537.765625   0.020833  0.204427
33  552.755990  553.027344   0.022135  1.178385
66  553.186198  553.807292   0.169271  0.287760
64  537.358073  537.888021   0.000000  0.678385
62  552.558594  552.933594   0.358073  0.421875
62  552.541667  552.703125   0.165365  0.180990
63  552.638021  552.841146   0.002604  0.199219
64  537.402344  537.747396   0.001302  1.636719
73  537.139323  537.792969   0.019531  4.460938
35  537.205729  538.501302   0.001302  0.434896
62  538.441406  538.932292   0.039062  0.450521
61  538.571615  538.953125   0.175781  0.391927
71  375.026042  375.549479   0.002604  0.428385
50  375.585938  842.725260   9.044271   0.130208
70   556.994792   557.106771   0.484375   0.261719
51   556.190104   556.476562   0.028646   0.305990
37   556.213542   556.817708   0.023438   0.238281
51   556.406250   556.940104   0.000000   0.430990
51   556.488281   556.996094   0.959635   0.753906
63   556.062500   556.699219   0.208333   0.628906
52   556.417969   556.795573   0.006510   0.298177
51   556.330729   556.822917   0.000000   0.416667
49   556.203125   556.821615   0.000000   1.013021
63   556.343750   556.930990   0.000000   0.423177
44   556.246094   556.947917   0.002604   0.378906
34   556.158854   556.496094   0.003906   0.263021
63   556.524740   556.708333   0.523438   0.278646
51   556.203125   556.608073   0.022135   0.351562
54   556.208333   556.485677   0.001302   0.246094
82   556.503906   556.993490 