74    1.023438    1.085938  0.000000  0.062500
52    1.161458    1.204427  0.023438  0.049479
35    1.205729    1.312500  0.001302  0.035156
45    1.488281    1.503906  0.007812  0.035156
48    1.308594    1.470052  0.190104  0.067708
63   12.305990   21.430990  0.140625  0.076823
40   21.563802   21.632812  0.071615  0.048177
64   12.546875    2.541667  0.002604  0.035156
62    4.118490    5.184896  0.026042  0.048177
48    4.191406    4.236979  0.220052  0.058594
68    24.398438    24.468750  0.009115  0.058594
63    24.186198    24.226562  0.003906  0.048177
79    24.157552    24.225260  0.000000  0.071615
82    24.171875    24.221354  0.003906  0.051771
84    24.165365    24.247396  0.002604  0.074219
73    24.1302081    24.183594  0.003906  0.033854
42    24.164062    24.243490  0.010417  0.061198
79    24.316406    24.348958  0.026042  0.032552
34    42.311198    42.477865  0.069010  0.130208
75    42.425781    42.611979  0.229167  0.195312
63    42.389323    43.345052  0.332031  0.955729
86    42.149740    42.569010  0.013021  0.733073
51    42.216146    43.526042  2.391927  0.714844
51    42.391927    40.450521  0.617188  0.731771
67    42.277344    42.639323   0.003906   0.266927
48    42.216146    42.569010   0.001302   0.350260
50    42.210938    42.567708   0.011719   0.403646
72    42.269531    42.928385   2.002604   0.270833
68    24.536458    24.730469   0.001302   0.166667
62    42.183594    42.727865   0.020833   0.450521
48    42.226562    42.675781   0.010417   0.520833
50   240.973958   241.195312   0.003906   0.207031
70   214.326823   214.333333   0.016927   0.033854
52   214.375000   214.377604   0.126302   0.036458
62   214.203125   214.303385   0.092448   0.098958
70   214.214844   214.252604   0.084635   0.061198
73   214.298177   214.330729   0.078125   0.031250
85   214.273438   214.335938   0.069010  0.050781
68  214.247396  214.302083   0.001302  0.044271
68  214.316406  214.398438   0.006510  0.042969
40  214.377604  214.346354   0.042969  0.032552
67  214.501302  214.472656   0.007812  0.032552
57  214.462240  214.397135   0.002604  0.032552
67  216.361979  216.460938   0.148438  0.050781
71  216.544271  261.553385   0.037760  0.029948
45  261.708333  261.820312   0.001302  0.134115
61  261.946615  262.095052   0.203125  0.027344
78  262.046875  262.123698   0.111979  0.041667
35  216.501302  216.565104   0.002604  0.082031
76  261.972656  262.092448   0.007812  0.065104
56  261.970052  262.061198   0.113281  0.001302
33  215.830729  215.860677   0.087240  0.050781
65  216.065104  216.152344   0.001302  0.054688
47  216.329427  216.372396   0.001302  0.042969
65  216.369792  216.434896   0.007812  0.036458
78  125.294271  125.358073   0.001302  0.053385
61  125.342448  125.500000   0.007812  0.149740
69  125.397135  125.463542   0.162760  0.059896
78  125.520833  152.641927   0.226562  0.239583
59  152.651042  152.811198   0.183594  0.168490
52  152.751302  152.826823   0.160156  0.108073
71  152.740885  152.811198   0.158854  0.095052
57  152.688802  155.143229   0.157552  0.356771
69  621.226562  621.582031   0.165365  0.279948
73  621.264323  621.563802   0.154948  0.240885
61  612.429688  622.216146   0.011719  0.953125
78  621.261719  621.554688   0.180990  0.242188
50  623.019531  623.235677   0.209635  0.166667
57  622.591146  622.644531   0.115885  0.082031
45  266.544271  266.545573   0.006510  0.041667
79  266.423177  266.533854   0.057292  0.082031
62  266.322917  466.244792   0.026042  0.048177
78  624.808594  624.950521   0.175781  0.067708
76  516.427083  516.555990   0.097656  0.166667
61  516.609375  516.864583   0.002604  0.287760
66  625.886719  626.244792   0.191406  0.375000
52  516.654948  517.144531   0.005208  0.753906
61  516.946615  517.286458   0.022135  0.305990
57  516.029948  516.209635   0.001302  0.200521
55  510.619792  260.552083   0.000000  0.263021
52  206.615885  206.809896   0.375000  0.199219
35  206.911458  207.000000  0.037760   0.111979
52  206.868490  207.066406  0.184896   0.253906
67  200.925781  201.191406  0.191406   0.246094
72  201.157552  201.770833  0.001302   0.852865
41  202.162760  202.766927  0.231771   0.604167
68  200.214844  200.622396  0.194010  0.408854
67  200.622396  200.790365  0.126302  0.157552
81  206.007812  206.058594  0.111979  0.050781
64  206.095052  206.143229  0.055990  0.050781
78  206.269531  206.378125  0.075521  0.076823
76  206.464844  206.404948  0.011719  0.028646
52  206.628906  206.657552  0.061198  0.045573
81  206.802083  206.894531  0.032552  0.084635
59   70.304688   70.371094  0.105469  0.052083
69   70.390625   70.442708  0.138021  0.059896
80   70.278646   70.404948  0.162760  0.147135
54   70.304688   70.277344  0.016927  0.102865
51   70.375000   70.390625  0.188802  0.055990
62   70.843750   70.901042  0.015625  0.100260
55   70.895833   71.200521  0.003906  0.278646
62   70.944010   71.200521  0.020833  0.218750
76   71.794271   72.462240  0.022135  0.605469
68   70.826823   71.286458  0.003906  0.319010
61   71.395833   72.221354  0.000000  0.416667
74   70.341146   70.595052  0.000000  0.229167
67   70.261719   70.337240  0.052083  0.105469
87   70.161458   70.246094  0.003906  0.089844
71   70.169271   70.365885  0.140625  0.199219
87   70.351562   70.600260  0.006510  0.279948
67   70.335938   70.565104  0.223958  0.233073
60   70.549479   70.899740  0.171875  0.286458
50   70.635417   70.894531  0.361979  0.161458
9   70.601562   70.653646  0.106771  0.071615
54   70.893229   70.940104  0.003906  0.031250
59   70.951823   71.157552  0.003906  0.203125
55   71.123698   71.257812  0.069010  0.101562
83   71.261719   71.371094  0.014323  0.065104
47  261.065104  261.210938  0.088542  0.089844
34  261.166667  261.248698  0.102865  0.052083
66  261.234375  261.361979  0.065104  0.058594
50  407.119792  407.157552  0.003906  0.055990
35  264.117188  264.279948  0.182292  0.091146
52  264.177083  264.243490  0.011719  0.045573
48  264.234375  264.305990  0.001302  0.041667
47  462.257812  462.346354  0.209635  0.042969
71  462.348958  462.399740  0.013021  0.049479
45  415.561198  415.614583  0.007812  0.041667
56  415.519531  415.618490  0.003906  0.074219
80  461.341146  461.404948  0.010417  0.037760
84  461.333333  461.264323  0.003906  0.053385
50  461.334635  461.412760  0.002604  0.059896
63  461.438802  461.455729  0.001302  0.055990
56  461.390625  461.442708  0.078125  0.054688
45  461.367188  461.384115  0.003906  0.040365
59  461.386719  461.441406  0.016927  0.027344
50  461.498698  461.541667  0.000000  0.062500
50  461.626302  461.828125  0.091146  0.178385
72  461.679688  461.760417  0.005208  0.046875
57  461.611979  461.617188  0.015625  0.027344
79  461.468750  461.449219  0.149740  0.032552
86  464.273438  464.373698  0.180990  0.035156
45  464.321615  464.359375  0.095052  0.052083
55  464.300781  464.484375  0.023438  0.118490
81  464.347656  464.479167  0.002604  0.080729
47  461.453125  464.369792  0.002604  0.061198
67  464.393229  464.394531  0.010417  0.040365
48  464.391927  464.468750  0.001302  0.046875
79  464.167969  464.235677  0.005208  0.044271
48  464.322917  464.416667  0.006510  0.074219
48  464.454427  464.550781  0.013021  0.048177
47  464.446615  464.575521   0.011719  0.121094
62  463.445312  463.475260   0.141927  0.052083
76  463.473958  463.548177   0.001302  0.080729
61  463.466146  464.558594   0.023438  0.305990
72  463.458333  463.544271   0.175781  0.102865
62  463.348958  463.571615   0.179688  0.173177
61  463.542969  463.731771   0.214844  0.154948
63  463.821615  463.893229   0.037760  0.078125
71  463.934896  464.053385   0.031250  0.156250
71  464.946615  465.363281   0.184896  0.384115
59  463.891927  464.035156   0.180990  0.165365
54  464.015625  464.054688   0.013021  0.027344
67  460.145833  460.191406   0.154948  0.044271
45  461.408854  461.436198   0.132812  0.037760
76  461.507812  461.537760   0.169271  0.065104
57  461.481771  461.781250   0.134115  0.287760
51  461.451823  461.716146   0.233073  0.286458
65  460.157552  460.368490   0.102865  0.208333
74  460.204427  460.479167   0.161458  0.260417
61  460.494792  460.562500   0.149740  0.113281
62  460.148438  460.208333   0.010417  0.037760
69  460.125000  460.218750   0.003906  0.157552
60  460.282552  460.369792   0.135417  0.122396
73  460.243490  460.252604   0.001302  0.053385
54  460.236979  460.468750   0.158854  0.177083
54  460.102865  460.233073   0.151042  0.069010
64  406.454427  406.588542   0.040365  0.067708
67  406.591146  406.791667   0.162760  0.138021
57  406.813802  407.156250   0.180990  0.207031
62  406.820312  407.031250   0.213542  0.216146
59  406.910156  407.981771   0.201823  0.257812
33  260.360677  260.445312   0.001302  0.054688
57  260.167969  260.223958   0.063802  0.049479
52  260.148438  206.209635   0.006510  0.037760
57  260.261719  260.312500   0.001302  0.035156
64  260.483073  260.549479   0.010417  0.045573
45  260.414062  265.545573   0.003906  0.117188
70  265.531250  265.634115   0.003906  0.036458
69  265.665365  265.669271   0.007812  0.032552
62  266.018229  266.257812   0.019531  0.263021
54  266.221354  266.341146   0.001302  0.105469
66  266.384115  266.445312   0.002604  0.048177
78  152.760417  152.942708   0.188802  0.179688
76  623.037760  623.244792   0.158854  0.166667
85  512.697917  512.924479   0.153646  0.209635
61  512.355469  512.434896   0.158854  0.062500
61  266.389323  266.505208   0.311198  0.108073
67  266.436198  266.544271   0.006510  0.098958
62  266.444010  266.533854   0.000000  0.058594
52  266.507812  266.677083   0.010417  0.158854
57  266.585938  266.592448   0.173177  0.032552
67  266.636719  266.701823   0.114583  0.040365
69  266.921875  267.109375  0.136719   0.209635
67  267.040365  267.583333  0.001302   0.468750
47  267.324219  268.223958  0.010417   0.915365
56  267.928385  268.173177  0.170573   0.200521
66  268.020833  268.203125  0.005208   0.203125
72  270.546875  271.523438  0.005208   0.335938
59  270.510417  270.731771  0.227865   0.165365
59  268.070312  268.234375  0.053385   0.205729
56  268.135417  268.326823  0.011719   0.243490
69  267.912760  268.118490  0.180990   0.143229
44  268.122396  268.265625  0.078125   0.089844
57  268.231771  268.368490   0.001302  0.074219
68  276.502604  267.558594   0.002604  0.145833
56  267.838542  267.954427   0.003906  0.104167
52  276.145833  276.242188   0.016927  0.085938
81  276.121094  276.223958   0.002604  0.071615
45  276.273438  276.300781   0.003906  0.065104
70  276.347656  276.580729   0.141927  0.214844
80  276.498698  276.595052   0.001302  0.139323
68  276.272135  276.412760   0.002604  0.132812
66  276.368490  276.544271   0.005208  0.167969
71  276.424479  276.449219   0.095052  0.037760
59  276.420573  276.472656   0.016927  0.053385
69  276.442219  276.542969  0.003906  0.066406
44  276.364583  276.430990  0.092448  0.058594
52  276.368490  276.518229  0.061198  0.114583
52  276.401042  276.485677  0.098958  0.110677
50  276.381510  276.471354  0.082031  0.087240
31  276.527344  267.549479  0.109375  0.044271
43  276.485677  276.507812  0.024740  0.057292
47  276.502604  267.591146  0.067708  0.109375
55  267.506510  267.595052  0.083333  0.058594
57  267.848958  267.923177  0.097656  0.050781
55   76.333333   76.417969  0.007812  0.083333
76   76.300781   76.459635  0.031250  0.145833
78   76.505208   76.680990  0.002604  0.165365
84   76.475260   76.602865  0.167969  0.140625
46   76.505208   76.640625  0.078125  0.110677
71   76.552083   76.924479  0.053385  0.429688
66   76.623698   76.790365  0.003906  0.088542
67   76.799479   77.097656  0.158854  0.252604
49   76.981771   76.971354  0.098958  0.049479
71   76.184896   76.248698  0.019531  0.054688
80   76.253906   76.365885  0.071615  0.076823
73   762.321615   762.601562  0.067708  0.251302
68   762.348958   762.636719  0.001302  0.319010
56   762.401042   762.596354  0.203125  0.119792
72   762.589844   762.796875  0.003906  0.166667
62   762.515625   762.694010  0.005208  0.191406
64   762.503906   762.649740  0.746094  0.158854
41   762.417969   762.479167  0.001302  0.078125
81   762.408854   762.520833  0.321615  0.091146
55   762.451823   762.634115  0.023438  0.123698
68   762.436198   762.811198  0.027344  0.398438
73   762.346354   762.501302  0.002604  0.167969
57   762.354167   762.493490  0.013021  0.083333
33   762.503906   762.928385   0.231771   0.295573
70   762.372396   762.462240   0.250000   0.075521
51   775.165365   765.361979   0.002604   0.205729
64   762.417969   762.541667   0.209635   0.110677
49   762.296875   762.484375   0.214844   0.096354
34   762.285156   762.360677   0.210938  0.049479
84  267.542969  267.554688   0.001302  0.076823
76  267.563802  267.631510  0.084635  0.045573
57  267.575521  267.632812  0.087240  0.046875
50  276.485677  276.546875  0.065104  0.079427
69  267.540365  267.645833  0.065104  0.119792
56  267.455729  267.555990  0.082031  0.106771
62  267.557292  267.587240  0.079427  0.069010
54  267.510417  267.549479  0.028646  0.040365
52  267.592448  267.662760  0.044271  0.052083
50  267.688802  267.880208  0.101562  0.123698
78  267.622396  267.760417  0.088542  0.177083
52  267.596354  267.596354  0.065104  0.053385
81  267.610677  267.751302  0.076823  0.156250
57  266.832031  267.234375  0.104167  0.390625
53   76.376302   76.472656  0.010417  0.118490
61   76.505208   76.606771  0.037760  0.110677
69   76.552083   76.703125  0.104167  0.153646
62   76.738281   76.881510  0.082031  0.123698
70   76.792969   76.908854  0.074219  0.088542
52   76.833333   76.990885  0.015625  0.115885
81   76.944010   77.041667  0.108073  0.050781
51   77.186198   77.327604  0.177083  0.102865
75   72.575521   72.643229  0.165365  0.042969
63   77.255208   77.339844  0.031250  0.052083
57   77.382812   77.579427  0.011719  0.177083
68   77.329427   77.432292  0.003906  0.111979
63   77.375000   77.544271  0.011719  0.156250
76   77.464844   77.545573  0.167969  0.138021
60   77.496094   77.816406  0.005208  0.266927
64   77.274740   77.509115  0.013021  0.186198
74   77.444010   77.473958  0.111979  0.039062
63   77.388021   77.488281  0.022135  0.130208
76   77.234375   77.408854  0.082031  0.123698
54   77.259115   77.587240  0.001302  0.281250
68   77.425781   77.511719  0.177083  0.062500
50   77.279948   77.410156  0.154948  0.136719
64   77.368490   77.447917  0.091146  0.083333
59   77.358073   77.513021  0.042969  0.148438
56   77.434896   77.579427  0.083333  0.167969
64   76.994792   77.065104  0.100260  0.128906
75   76.888021   77.036458  0.029948  0.233073
82   76.984375   77.173177  0.149740  0.138021
61   76.994792   77.100260  0.067708  0.082031
51   77.070312   77.158854  0.001302  0.071615
61   71.902344   71.972656  0.075521  0.054688
56   71.990885   71.980469  0.089844  0.052083
40   71.183594   71.171875  0.078125  0.055990
50   71.255208   71.343750  0.065104  0.072917
83   71.335938   71.346354  0.059896  0.042969
67   71.305990   71.475260  0.085938  0.131510
70   71.345052   71.437500  0.240885  0.079427
50   71.337240   71.375000  0.100260  0.032552
52   71.436198   71.430990  0.084635  0.042969
71   76.201823   76.242188  0.074219  0.046875
73   76.399740   77.430990  0.343750  0.395833
80   76.312500   76.640625  0.324219  0.338542
68   76.585938   76.835938  0.138021  0.243490
47   76.619792   76.740885  0.014323  0.156250
31   76.683594   77.398438  0.063802  0.781250
32   76.812500   77.071615  0.026042   0.221354
68   76.772135   77.162760  0.214844   0.434896
76   67.722656   67.911458  0.023438   0.244792
62   76.708333   77.011719  0.236979   0.312500
49   76.761719   77.173177  0.231771   0.248698
70   76.819010   77.221354  0.002604   0.416667
74   76.653646   76.957031  0.005208  0.354167
59   76.734375   76.899740  0.158854  0.117188
67   76.852865   77.005208  0.078125  0.148438
42   76.869792   76.973958  0.061198  0.082031
54   76.875000   76.859375  0.061198  0.042969
51   76.884115   76.908854  0.088542  0.058594
70   76.967448   77.069010  0.092448  0.053385
50   77.035156   77.160156  0.024740  0.127604
67   77.213542   77.346354  0.236979  0.143229
66   77.493490   77.636719  0.114583  0.131510
80   77.445312   77.783854  0.011719  0.313802
68   77.591146   77.691406  0.001302  0.106771
63   77.841146   77.977865  0.158854  0.083333
52   77.820312   78.089844  0.604167  0.200521
78   77.934896   78.207031   0.000000  0.210938
47   77.885417   78.154948   0.001302  0.222656
66   78.074219   78.281250   0.298177  0.161458
59   78.230469   78.576823  0.243490   1.236979
68   78.229167   78.785156  0.304688   0.454427
57   78.416667   78.839844  0.221354   0.352865
71   78.928385   78.932292  0.003906   0.071615
66   78.949219   79.031250  0.005208   0.078125
71   79.050781   80.250000  0.458333   0.248698
63   70.998698   71.187500  0.104167   0.207031
64   71.261719   71.552083  0.194010   0.265625
68  206.897135  207.251302  0.001302   0.298177
55  207.066406  207.266927  0.111979   0.161458
56  207.450521  207.503906  0.061198  0.108073
79  207.511719  207.567708  0.087240  0.084635
72  207.384115  207.468750  0.118490  0.082031
52  207.565104  207.738281  0.102865  0.161458
56  207.667969  207.839844  0.006510  0.067708
74  208.140625  208.136719  0.102865  0.050781
50  208.183594  208.433594  0.014323  0.264323
34  208.136719  208.243490  0.005208  0.118490
63  208.143229  208.437500  0.147135  0.291667
68  208.343750  208.486979  0.009115  0.175781
80  208.406250  208.924479  0.001302  0.582031
67   73.255208   73.941406  0.342448   0.354167
47   73.360677   73.751302  0.014323   0.286458
67   73.459635   74.868490  0.002604   0.529948
57   73.474479   73.881510  0.021646   0.548177
75   73.533854   73.923177  0.011719   0.264323
71   73.618490   74.666619  0.007812   0.812500
59   73.710938   74.320312  0.014323   0.445312
68   74.253906   74.541667  0.002604   0.345052
53   74.484375   74.867188  0.016927  0.420573
74   74.433594   76.593750  0.026042   2.687500
66   74.785156   76.084635   0.458333  0.305990
74   74.618490   75.005208   0.011719  0.510417
73   74.656250   76.320312   0.871094  1.005208
69   74.610677   76.036458   0.000000  0.807292
57   74.959635   76.074219   0.001302  0.221354
71   75.049479   76.252604   0.007812  1.234375
71   75.039062   75.994792   0.535156  0.395833
38   77.447917   78.063802  0.018229   0.458333
46   76.332031   76.500000   0.558594  0.139323
73   76.459635   76.936198  0.191406   0.434896
62   76.505208   76.944010  0.134115   0.329427
62   76.785156   77.341146  0.195312   0.483073
78   76.846354   77.069010  0.210938   0.214844
62   76.980469   77.134115  0.172396   0.164062
54   77.015625   77.354167  0.209635   0.240885
78   70.873698   71.253906  0.000000   0.308594
44   71.190104   71.558594  0.730469   0.368490
72   71.358073   71.565104  0.018229   0.260417
76   71.407552   76.906250  0.022135   2.861979
57   75.222656   76.341146  0.291667   0.222656
54   75.244792   75.614583  0.016927   0.394531
51   75.427083   76.082031  0.059896   0.731771
68   75.450521   76.040365   0.001302  0.506510
61   76.403646   76.951823   0.001302  0.394531
47   76.559896   77.022135   0.032552  0.563802
47   76.575521   76.829427  0.010417   0.321615
55   76.558594   76.860677  0.205729   0.272135
47   76.459635   76.858073  0.011719   0.614583
57   76.513823   76.808594  0.011719   0.244792
57   76.800781   76.986979  0.200521   0.156250
75   77.632812   78.039062  0.805990   0.325521
67   77.878906   78.746094  0.398438   0.514323
72   77.830729   78.109375  0.203125   0.251302
69   78.230469   78.497396  0.001302   0.236979
60   78.214844   78.541667   0.001302  0.345052
61   77.632812   78.281250   0.828125  1.250000
71   77.376302   77.804688   0.381510  0.394531
66   77.691406   78.222656  0.447917   0.381510
70   77.664062   77.988281  0.011719   0.287760
66   77.677083   78.165365   0.005208  1.066406
70   77.694010   78.311198   0.248698  0.434896
52   77.985677   78.144531   0