74    1.023438    1.085938  0.000000  0.062500
  59  1172.376325  1306.511967  0.001312  0.265562
74   44.529135  1000.165196  0.000000  0.037438
  94  1277.370269  1268.807165  0.083279  0.288156
83   884.988671   772.845825  0.139240  0.085219   0.121606
69  145.005900  273.574419  0.098885  0.056075
49  257.970040  338.258533   0.092394
  35   712.054865   735.988158  0.000200  0.228354
  64   190.012500    77.089375  0.003604  1.570312
60   58.721042   31.275196  0.177385  0.239823
45  388.375325  218.148196   0.007802  0.093856
71  122.903304  120.519562  0.091394  0.170658
43   263.559175   454.776342   0.000000  0.028646
69  192.116779  186.273002  0.101875  0.033071
  56  1356.977502  1277.659771  0.036219   0.450385
46   84.619647   27.115125   0.748157
3   196.503998   149.465883   0.110269   0.207804
62  552.538333  155.505335   0.319510   0.344719
69  350.299408  428.703592  0.011854  0.250260
71  615.818594  140.701510  0.355885  0.542105
 154  1304.296458   88.475969  0.041956  0.071696
43   155.391135    96.155250   0.039698   0.533023
56  131.095729  174.775104  0.792696  0.081270
  73   775.157844   981.802315  0.000208  0.052562
  03  1103.951135   91.007615  0.109698  0.002581
44  107.841352  104.636115  0.016552  0.053550
85  1027.021665  1179.150500  0.000000  0.249365
  71  1324.593250  1318.298154  0.014617  0.078458
36   86.865365   38.889271  0.003208  8.419373
64  343.520335  468.655210   0.119062  0.277938
77   27.239315   338.680419  0.085352   0.235281
65  1250.431441   879.890312   0.115104  0.066958
  54   181.716592   161.284417  0.195590  0.409937
  57   135.572656   780.212790  0.354356  0.065604
  78   741.095938   887.362900  0.000000  0.044948
  80  1265.132685  1293.917108   0.226741   0.550883
61  126.717298  413.058383  0.104685  0.106081
66  506.846675  234.019148  0.002802  0.041635
45  1843.225375  1206.225531  0.003115  0.039488
75   764.329033   978.871721  0.141815  0.125060
  61  1070.395304  1024.913146  0.011196  0.045948
75   44.890335   78.724967  0.014511  2.165979
7    74.112188   76.988656  0.202929   0.588044
88   973.686092    7.934771  0.167210  0.014510
68   77.175927    70.936844  0.003802  0.112500
  34   77 .898250   288.488438  0.039748  0.189175
64   55.076927   483.305938   0.104571  0.279023
  49   774.887865   167.022083   0.006106  0.451345
70  456.668571  415.636250  2.113479  0.043771
66   760.532092   774.111467   500.578106   0.090175
  62   409.132740   432.035604   2.375917   0.680290
76   52.012448   754..604175  0.991656   0.851646
56   948.913998   050.743479
80   951.810070   491.258854  1208.980438  1002.810698  0.063302  0.072583
54   943.953740   416.602696  0.003312  0.583854
  67   767.210655    23.696906  0.042385   0.570865
70   381.770315   578.047696   907.404554  0.001312  0.031790
  78  1011.778052  1924.444089   0.002910  0.146073
75  163.419167   87.852696  0.089290  0.121967
57  101.224356  226.148021  0.083429  0.039018
  99   899.734040   896.404815   0.001302   0.983750
48    40.339365   0.060921  0.015158
71  0.106590  1.190759
  37  1091.883250   114.278656   0.226346  0.127081
  68  1352.563750  1475.214185  0.050208  0.032729
73   665.731075   477.360919  0.002604  0.143729
  78  1714.734372  1929.397937  0.002104  0.305288
88  392.555658  489.745175   0.072312   0.109771
  87   141.385883   228.797208  0.487769  0.090929
52  175.805108  142.320852  0.104115  0.147260
  85  1052.842447  1044.815231  0.000908  0.045627
79  246.225115  213.753448   0.140198   0.252531
62   44.672500  1692.655988  0.285438  0.134892
76  121.990196  168.619304  0.120383   0.077710
58   868.188060   699.597448  0.178156  11967194  1368.994010  0.100260   0.146656
34  339.703383  264.156312  0.294185  0.151302
54  1285.750010  1139.904883   0.005208   0.239094
55   807.896719   118.095627  1.147208  0.000000
  67   390.347335   170.350510   0.156198  0.220438
77  728.999731   13.250560   0.057885  0.094231
76   61.546345   436.454052   0.005201   0.404271
72   750.159833   856.500000  0.002606  0.096958
46  344.596979  477.256751  0.076417  0.154798
  52   429.020760   373.475500  0.113290  0.140510
  61   943.081365   458.524615  0.310325  0.048989
  69   973.961312   121.658394  0.009919  0.055604
76  426.941751  573.080969  0.035229  0.064581
 172  1079.190333   410.502032   0.000201   0.356594
57    86.515883    46.246804  0.203456  0.094271
64  258.861572  144.450656  0.103196  0.007812
92  293.031315  189.742920  0.119771  0.044219
71   48.222071   89.744675  0.168675  0.037269
  58  1274.231592  1111.207500  0.017812  0.054512
64  239.544071  351.547394  0.140333  0.027906
55   39.887240   0.105302  0.345304
69  274.281842  186.736081  0.082352  0.320365
48  365.885030  144.513002  0.000000  0.088249
33   824.813967   146.793888  0.007812  0.077802
  63  1007.117104  1774.204156   0.005210   0.312562
77   29.626948   46.125560  0.173938  0.138542
  42   384.741760   779.026175  0.019417  0.030175
  44   431.945781   692.952073  0.003106  0.494033
57   86 .1781719  302.457625   0.097477  0.057604
51  250.570312  329.397304   0.078156  0.072917
3   59.794779  429.065533  0.019271  0.109665
71  191.936700  413.646790  0.001510  0.063158
59   196.724021   433.840344  0.249117   0.209675
87   67.839419   87.966698  0.140408  0.055302
  83  1700.094665  1252.942135  0.057854   0.214115
  63   729.713498   741.852092  0.005408  0.194816
  82   372.645092   397.083354  0.125052  0.056092
41  180.990383  1501.055033  0.005000  0.093071
  51   194.984365    73.510198  0.052885  0.076479
44   48.890636   78.985208  0.019510  0.083304
14  421.553352  277.586648  0.140781  0.105281
86  352.830023  340.880698  0.678498  0.052229
  62   138.200352   178.739645  0.255302   0.313604
60  291.599385  314.309533  0.105002  0.132106
  90  1257.479115  1494.996092   250.970021  0.089592   0.133021
77   91.312148   50.154010  0.166571  0.709592
57   27.514938   183.778394  0.011429  0.072304
  86   630.672668   704.467165
  42  1272.481427  1194.720031  0.084419  0.089917
77  1254.042958  1382.383125  0.078127  0.210865
  72  1379.028344  1309.572135  0.073835  0.183873
68  128.774440  443.503908  0.074512  0.106279
56   13.734523   462.894438   0.083552   0.161165
67   951.183288   671.187290   0.919512   0.302594
45   170.594977   396.348071  0.000206  0.075523
  65   715.454146   847.795125  0.003296  0.097165
  63   760.218556   382.211656  0.000000  0.271646
  60   127.063106   250.977383  0.073458  0.026823
  64  1008.013125  0.009012  0.125002
 384    79.298392   0.288440  0.061906
81  103.111158  148.852240  0.164219  0.051842
68  355.838532  346.840010  0.095417  0.293854
78  136.233250  1845.138250  0.419290  0.105219
  54  1203.471219  1030.975354  0.005221  0.080571
  53  1310.726531  1978.681042  0.005812  0.046315
85  263.575938  168.713229  0.005521  0.059512
76  357.314919  101.075202  0.002304  0.144292
33  271.087521  128.671177   0.216919   1.023167
62   546.559875  4336.828127  210.901686  0.053648  0.225938
  58    23.523304   0.001115  0.072448
36   996.849873   688.765260  0.066825  0.259665
  51   704.943431   491.992646  0.096467  0.151062
  66  11 9.988675  1199.146779  1.015590   0.132081
67  269.109865  262.341756  0.009115  0.357362
67  130.817312  174.077604  0.013325  0.037553
  67   193.925590    32.609396   0.015106  0.075656
  87   352.820929   267.638781  0.104675  0.083844
  50  1198.695335  1272.111198  0.110333  0.079073
81  171.226512  291.932290  0.007615  0.003000
  51   772.667919  1372.708625  1009.663250  0.059939   2.95482
87  279.271044  621.416721  0.006001  0.022365
  75   422.929394   775.059135  0.180228  0.096177
78  102.849542  447.693335  0.007012  0.639977
71   76.922844   75.690106  0.057106  0.182081
67   164.306802  1332.345155   76.410467  0.218021  0.486021
51   388.891705   316.168938  0.103656  0.233042
  35   514.381510   704.659167  0.088625  0.072552
40   557.719571   146.234175  0.120427  0.187202
  54  1181.822108  1039.500000  0.025979  0.185104
  46    86.927096   105.608240  0.117315  0.104571
  34  1012.555031  308.878372  0.023335  0.029468
57   337.990875   873.463083   0.003104  0.561908
  73  1171.605281  1382.488542  0.001302  0.048033
  63   467.184071   867.824844  0.091406  0.065700
63   26.163919   705.448677  0.572862  0.080583
72   16.455262   896.952094  0.028625  0.100627
  48   310.575571   107.914167  0.007604  0.065117
76   719.139342   239.698833  0.015229  0.000000
 08   207.422533   0.032542  0.089978
77  1467.430625  1786.509562  0.116315  0.160438
53  137.138938  1279.176958  0.002615  1.242167
86  175.119829   83.527604   0.270627   0.117023
  82   188.359315    97.840823   0.047646   0.043565
59  284.775781  548.336550   102.306908  0.514417  0.725081
61  199.713053  171.064571  0.058523  0.085280
  66  1098.523958  0.102719  0.101302
  89   302.032521    86.144865  0.136290  0.289590
  55   189.509751   176.785135   0.009031   0.046873
41   526.910635   133.997958  0.005917  0.054499
81   81.994731   37.596750  0.094304  0.197908
82  155.920883  156.539125  0.075823  1.613648
72   333.667681   775.677696   0.005000  0.087440
  75  1462.758281  1142.065927  0.501710  0.073998
  21   785.620660   140.172638  0.002665   0.392156
  87  1832.757848  1337.338542  0.013497   0.003090
89  392.671592  182.539894  0.116042  0.594512
57  231.589929  281.957625   0.198553   0.148042
78  345.747438  273.608333   0.240269  0.172092
  46  1104.496354  1139.347304  0.000208  0.167581
  57  1263.490781  2431.427865  0.014365  0.059292
  67   714.905592   391.685031  0.072948  0.048750
77  448.919119  239.616279  0.164031  0.142667
  60   387.775523   230.325988   0.216552   0.125665
52  362.155258  524.993444   0.115177   0.555908
63   373.758363   365.408354  0.104815  0.153185
60   569.281312   947.802969  0.127346   0.095281
  97   194.847825   546.570919   0.001510  0.421315
65  1236.268833  1042.734592  0.024448  0.005604
  68  1178.767021  1793.752604  0.275996  0.076290
  76  1014.093627  1315.503696  0.014175  0.033052
53   86.997469  143.681979   0.004210  0.032466
  64  1256.759896  1131.240335  0.104694  0.168011
  92  1109.621304  1356.668898  0.010615  0.104523
  71   655.130281   742.236815  0.052292  0.426469
78  350.145302  233.473031  0.005208  0.107825
  63  1108.288698  1376.513052  0.003906  0.022406
60  1153.820883  1001.140648  0.044167  0.388875
70   646.228356   365.182783  0.022394  0.036385
83  109.469429   80.005302  0.025231   0.114769
57   887.922552   589.714342  0.002604  0.129165
50   552.903154   464.736685  0.055512  0.340146
  86  1074.391919  1074.775392  0.109648  0.992108
74   631.778106   102.747635  0.225815  0.025323
  79   705.103675   280.582242   0.190292   0.384927
58  242.160156  271.378419   0.049042  0.112502
  57   336.022283    39.484175  0.077908  0.155033
5  385.272804  113.155760  0.011408  0.104396
78   36.304212   172.001304  0.006502  0.061105
61  319.095523  205.872646   0.414060  0.315523
  31   774.246648   978.125002  0.002615   0.477710
59  271.690323  184.859865  0.088552  0.529279
67   907.729573   704.555627   5.452698  0.072698
63   386.945591   380.861917  0.117010  0.057606
54  384.250592  433.212956  0.268469  0.111394
62   703.695240    38.434165  0.006312  0.044408
  41   050.142000
  55   262.612200   837.251240  0.398240  0.065106
  67  1307.106908  120.263418  0.002904  0.251675
81  397.228657  127.855383  0.006502  0.131250
71   583.810229   987.993938  0.002406  0.222382
  68   326.542012    78.754394  0.012408  0.141071
57  366.713627  214.716258  0.079115  0.075365
69   452.955260    56.752696   0.009115   0.064060
40   96.399012   77.734917  0.104198  0.107812
76   36.709196   77.919542  0.205362  0.195302
  48  1123.198646  1105.551042  0.052392  0.025523
58   546.621608   401.605558  0.736419   0.258250
72  110.195788  321.144385   0.425969   0.210511
69   76.829968  0.007906  0.498525
48  367.522467  256.782502  0.357502  0.235104
65   74.689021  0.096511  0.425835
50   471.757304  1260.811502  0.007302  0.055208
73   63.489417   322.432710  0.025104  0.133002
  83   107.275385   886.382615  0.009312  0.108844
  57  1439.097138  1317.957312  0.208958  0.043842
  59   459.956908   440.970521  0.171054   0.073835
78  355.187002  485.217502  0.139428  0.056323
42  298.596146  329.152260  0.225523  0.081685
71  105.542169  192.135592  0.072342  0.338092
  63   880.578581   154.589446  0.106606  0.042117
58  445.350315  445.338552  0.179383   0.063604
76   254.330229   038.333052  0.681094
77  348.939290  411.296375   0.002696  0.089779
72   451.327302    60.989292  0.060615  0.134175
48  333.410790  229.121668  0.112188  0.094479
31  391.172615  451.738175  0.010812  0.460146
 954   154.191072   166.129513  0.001302  0.048177
  71   570.219031    19.726467  0.114606  0.459000
  73   398.083290   135.470323  0.367719  0.229802
  64   750.616542   869.235863  0.544479  0.335373
  89   313.439917   445.066771   0.058052   0.547062
75  1223.086856  1306.859219  0.003000  0.039438
34   556.791779   173.719333  0.025927  0.034552
  73   943.313533   734.204554  0.111542  0.121615
  47   749.512090   774.579335  0.126958   0.043958
57   65.647919   11.854323   0.026117
57  441.183929  334.538523  0.075721  0.019656
44   386.760865   767.968092  0.000000  0.063835
  79   777.257522   635.878835  0.121804  0.218844
72  226.731518  164.092915   74.872104  0.174658  0.375915
87  192.754145  1391.406790  0.056710  0.083750
  43   796.510020   253.069685  0.016929  0.188531
65  268.260729  119.987831  0.028187  0.048956
  90   189.140050   212.355000  0.001500  0.178687
55  301.093156  0.000106  0.239375
  63   175.847988   234.660138  0.002212  0.080998
8    322.117781   762.242948  1.383231   0.005000
83  172 .764279   760.271615   0.061556   0.555385
66  444.198354  784.543542  0.124333  0.063729
89  108.634919  232.702844  0.136698  0.039979
74   96.719590   27.353998  0.050919  0.642002
48   41.793090   46.033552   729.569510  0.140677  0.086356
  87   885.037938   787.188542  0.160467  0.473333
55  184.334271  384.104052  0.148090  0.079658
51  226.623731  149.391175  0.464290  0.027604
41  259.560469   33.410288  0.086552   0.340883
51   523.815125   759.681815  0.304675  0.059062
 199  1132.904658  1381.795333   39.497656  0.009616  0.098552
  67  1100.477594  233.052865  0.072685  0.246563
  01  1123.558572  1287.502042  0.000906  0.566740
  39   344.515129   715.221696  0.025333  0.239271
  70  1102.215506  1077.141456  0.159617  0.068919
75   492.213750    21.129196  0.090219  0.830271
75  253.924362  371.272333  0.116458  0.395937
  47  1248.200312  1695.302604  0.005210  0.121554
  69  1524.845335  1555.651365  0.003948  0.041677
67   259.900911    40.750521  0.038250  0.053352
  98  1217.414165   176.075733  0.085231  0.046583
  52  1201.676011  1486.213571  0.086560  0.108802
  38   394.824573   261.116521  0.000106  0.146750
  53   162.545106    76.698156   0.177304   0.119406
35   779.797436   419.194165  0.004312  0.126082
  83   366.224815   988.792106  0.187210  0.140000
  65   102.252365    92.568208  0.102769  0.173656
73  175.161510  1201.165138  0.072404  0.085938
  57  1293.857206  1278.980052  0.036948  0.150552
  77   145.192503   835.967467  0.081927  0.132898
72  320.724583  352.367498    56.593185
58  124.770552  1276.183240    1.229948  0.323354
  80   281.811385    89.048429   0.276383  0.006550
52   437.229554   579.569500   0.001302   0.140383
69   329.982865    66.732590  0.075175  0.052802
62   447.514031  1692.240333  0.708946  0.075104
48  365.100521  169.468750  0.157804  0.012908
  48   102.832106   107.707219   0.001302  0.082260
  77   784.798406   479.067908  0.040938  0.042344
66  175.692749  154.009115  0.082906  0.106581
31  422.353938  279.725392  0.001710  0.047383
60   29.661919  226.797790  0.003208  0.056750
73  1275.221042  1228.941479  0.000000   0.004604
74  344.854779  126.955940   0.175281
  73  1104.970138  1153.291177  0.013429  0.487540
  73   198.151698   763.563769  0.006302  0.193333
43  397.691710  131.426606  1.237969
  74   591.007298   556.078354  0.005506  0.485438
48  177.424771  126.805288  2.588740  0.063125
  55   786.420365   974.236490  0.104780   0.120813
77  177.468731   96.648104  0.079908   1.175885
  88   167.756196   726.793958  0.000500  0.159271
50  378.818196  172.143906  0.019510  0.013656
58  187.286158  210.890355  0.338392  0.060438
82  349.836552  124.304115   0.041447  0.131550
  85  1340.254063  1236.608677  0.009512  0.076771
81  131.858552  1431.662688  0.032383
  65  1010.146315  1072.676804  0.104521  0.141304
55   99.507804   90.622919  0.024344  0.114571
76   78.952523  1324.478354  0.078335  0.151581
  65   319.855790   295.011262  0.039967  0.092298
56  553.578929  372.918210  0.097635   0.084212
54   462.483946   629.996344  0.223158  0.136802
67   91.531560   10.238938  0.011185  0.059373
72  340.528240  210.328696  0.191846  0.152298
72   778.505604   446.748458  0.003240  1.609967
51   90.511156  1450.226967  0.002604  0.046698
8  314.754677  337.155325   0.099219  0.025625
59   137.283450   261.724498  0.206562  0.036750
  40   391.680760   228.259873   0.009312
  64  1021.492510  1034.942740  0.025948  0.230617
58  397.837002  117.098550  0.000000  0.111108
61   777.029338  1024.788156  0.000500  0.053002
  60   702.229135   160.314918   0.223835   0.019721
58  388.970125  336.803835  0.001302   0.964477
  75  1374.983335  1333.219012  0.105221  0.142665
52   763.967135   714.723977  0.057590   0.039071
64   534.989573   504.573656  0.104590   0.595990
58   981.325508   159.228521  0.012719  0.254844
36  438.274115  275.131362  0.035290  0.045240
79  436.854292  487.234560   0.076344  0.109896
  59   157.684060   57.768104  0.103375  1.870719
69  406.417550  383.163825  0.044279  0.497154
73   96.886760   64.814510  0.001104  0.003802
7   14.208958   315.333825  0.005708  0.252533
6     9.217904    4.908917   0.112261
74  191.225562  148.160417  0.114146   0.423750
  57    75.794678   142.365488  0.060604  0.041667
  82  1201.307815   716.904344  0.015400  0.059502
  75   382.630656   131.316408  0.129060  0.075271
  75   355.428998   984.145531  0.008104   0.023258
37  389.702854  134.371948  0.235781  0.121408
46  237.718090  222.522084  0.197071  0.264908
  04   647.307615   477.452523  0.109168  0.116175
  67  1338.215469  1316.065625  0.000406  0.295438
  61   584.473419   971.989408  0.012510  0.388552
56  360.176098  384.297760  0.103656  0.082444
39  102.938571  341.840429  0.009083   0.019040
 177  1371.559210  1211.322927   0.205269  0.031356
  71   803.061198   788.882592  0.005502  0.041998
81   887.995731   675.632460   302.849438  0.014490  0.062700
  52  1276.702790  1195.961090  0.002502  0.061510
  66  1313.198533  1215.169073  0.032615  0.065500
79   713.716290   172.570781   0.762219   0.170154
  84   484.456315   129.539562  0.005917  0.016429
67  418.831325  341.005806  0.001910  0.320815
  52    97.668343   150.339583  0.156090   0.726948
82  17 7.893656   969.113001   0.015469   0.299473
43  289.347448   70.215023   0.596606
79   79.805081   0.188590  0.070812
54   985.505510    71.215856  0.007625  0.317208
68  498.217448   43.756542  0.120021  0.372033
49   316.512785   412.857815  0.602104  0.639013
  89   868.852833   426.676550  0.002502  0.331771
 157    83.395550   0.325562   0.078240
76  542.466352  346.685835   0.002202    0.384081
85   67.996750   57.641219  0.140315  0.145250
89   331.125302   798.165115  0.002104  0.053080
81  246.513138  287.283156  0.009106  0.058302
  85   722.137362   236.817710   0.091751  0.046958
55  141.769479  316.473021  0.025346   0.120365
  85   423.780419   194.782251  0.003908  0.559543
52  332.122648  158.464710  0.000208  0.069002
79  403.029271   83.243146   0.003625  0.061198
60   80.372100   318.717594  0.006315   0.122606
60   374.412606   476.418165  0.156885  0.011969
83  433.731511  334.098344   0.253290   0.207290
35   93.804833   451.521354  0.049477  0.105708
 771  3590.353335  000.06