74    1.023438    1.085938  0.000000  0.062500
57    1.246094    1.281250  0.102865  0.194010
52    1.274740    1.425781  0.368490  0.251302
49   21.735677   21.915365  0.240885  0.178385
43   12.795573   13.093750  0.222656  0.446615
55   12.759115   12.872396  0.087240  0.049479
77   12.670573   12.567708  0.014323  0.058594
59   12.769531   13.002604  0.199219  0.100260
62    26.648438    26.872396  0.600260  0.233073
30    26.334635    26.873698  0.369792  0.255208
79     2.503906    2.583333  0.205729  1.786458
30   20.045573   20.367188  0.191406  0.236979
55   21.003906   22.197917  0.212240  0.575521
69   21.286458   22.161458  0.140625  0.511719
78   21.673177   22.001302  0.002604  0.782552
35   21.972656   22.329427  0.222656  1.766927
72    2.274740    2.565104  0.022135  0.582031
69   21.308594   21.593750  0.123698  0.382812
47   21.180990   22.276042  0.006510  0.167969
66   21.471354   21.683594  0.113281  0.270833
69   21.626302   21.955729  0.007812  0.472656
33   21.746094   22.002604  0.345052  1.619792
52   21.779948   22.079427  0.498698  0.242188
58   21.582031   22.069010  0.016927  1.240885
73   21.964844   22.089844  0.152344  0.372396
69   21.958333   22.191406  0.587240  0.421875
53   21.660156   23.218750  0.102865  0.277344
63   21.986979   22.591146  0.201323  0.986979
73   22.190104   22.722656  0.269531  1.358073
49   22.722656   23.968750  0.164062   0.364583
44   22.065104   22.510417  2.009115  1.066406
68   20.243490   20.320312  0.223958  0.209635
52   23.216146   22.558594  0.195312  0.774740
66   20.295573   20.281250  0.220052  0.216146
69   20.359375   20.546875  0.252604  0.156250
56    2.305990    2.407552  0.179688  0.260417
69   20.645833   21.199219  0.194010  1.743490
46   20.934896   21.678385  0.503906  0.389323
69   21.377604   21.475260  0.177083  0.110677
76   20.694010   20.665365  0.065104  0.071615
76   20.875000   20.669271  0.164062  0.101562
45    7.359375    7.596354  0.208333  0.205729
59   28.157552   28.445312  0.102865  0.281250
72   28.031250   22.936198  0.196615  0.186198
32   28.240885   27.300781  0.104167  0.291667
61   27.464844   27.569010  0.048177  0.187500
36   27.434896   27.712240  0.153646  0.736979
71   27.598958   27.713542  0.002604  0.179688
76   72.360677   72.414062  0.076823  0.154948
49   72.247396   72.376302  0.069010  0.152344
71   72.984375   73.067708  0.079427  0.054688
84   72.635417   72.611979  0.141927  0.109375
47   72.506510   72.845052   0.015625  0.337240
81   72.786458   73.203125  0.375000   0.707031
68   72.868490   72.395833  0.098958  0.799479
65   72.673177   72.725260  0.347656  0.179688
35   72.696615   72.872396  0.164062  0.153646
57   72.658854   74.372396  0.815104  0.483073
63   72.790365   27.842448  0.174479  0.199219
32   28.048177   28.355469  0.031250  0.553385
71   28.583333   28.453125  0.091146  0.115885
48   28.483073   28.458333  0.110677  0.041667
43   28.376302   28.475260  0.157552  0.067708
61   28.334635   28.477865  0.074219  0.079427
74   28.371094   28.467448  0.085938  0.049479
56   28.365885   28.483073  0.216146  0.050781
59   28.257812   28.216146  0.055990  0.075521
35   28.424479   28.544271  0.166667  0.200521
73   28.212240   28.308594  0.108073  0.001302
83   28.355469   28.425781  0.091146  0.066406
55   28.252604   28.671875  0.067708  1.476562
40   28.464844   28.647135  0.154948  0.283854
55   27.644531   27.822917  0.197917  0.208333
42   27.768229   27.997396  0.188802  0.205729
70   72.441406   72.742188  0.330729  0.252604
57   72.610677   72.755208  0.153646  0.450521
67   72.242188   72.571615  0.214844  0.683594
64   72.457031   72.667969  0.003906  0.274740
39   72.201823   72.477865  0.214844  0.208333
62   72.557292   72.726562  0.412760  0.546875
51   72.994792   73.416667  0.214844   1.320312
74   73.407552   73.792969  0.199219   0.311198
73   73.799479   73.983073  0.279948   0.232083
59   73.546875   73.730469  0.204427   0.226562
52   73.613281   73.729167  0.174479   0.266927
67   73.536458   73.834635  0.339844  0.776042
61   73.242188   73.329427  0.098958  0.260417
71   73.067708   73.184896  0.005208  0.221354
81   73.713542   73.813802  0.135417  0.199219
73   72.899740   74.088542  0.003906  0.386719
70   72.786458   74.759115  0.309896  0.605469
65   77.449219   77.675781  0.225260  0.593750
70   77.479167   77.923177  0.005208  1.791667
7   72.774740   73.023438  1.434896   0.950521
72   729.929688   729.925781  0.210938  0.119792
79   728.582031   729.105469  0.003906  1.510417
77   728.910156   729.246094  0.317408  0.165365
77   728.089844   728.843750  0.041667  0.428385
50   729.204427   729.317708  0.007812  0.296875
71   727.997396   728.001302  0.013021  0.210938
74   277.908854   278.305990  0.251302  0.359375
63   277.567708   278.075521  0.009115  0.588542
82   277.550781   278.346354  0.083333  1.445312
  54   277.942708   279.305990  0.315104  0.265625
  59   277.838542   278.180990  0.735677  0.598958
  47   277.964844   277.917969  0.080729  0.191406
  84   727.933594   728.069010  0.171875  0.157552
  64   728.270833   728.523438  0.002604  0.309896
  68   727.656250   727.654948  0.246094  0.029948
  72   727.037760   727.009115  0.003906  0.080729
  64   277.256510   277.501302  0.003906  0.148438
  57   722.490885   722.680990  0.247396  0.404948
  53   722.553385   722.578125  0.300781  0.233073
  67   722.506510   722.566406  0.018229  0.160156
  67   727.470052   727.565104  0.005208  0.294271
  65   726.813802   727.091146  0.001302  0.252604
  34   727.170573   727.313802  0.194010  0.395833
  31   727.330729   728.118490  0.002604  0.515625
  30   722.746094   723.062500  0.334635  0.763021
  62   727.045573   727.437500  0.290365  0.591146
  43   727.222656   772.308594  0.084635  0.337240
  54   727.000000   727.216146  0.002604  0.251302
  61   727.118490   727.354167  0.014323  0.368490
  82   727.174479   772.358073  0.162760  0.251302
  61   772.144531   772.291667  0.069010  0.080729
  55   772.263021   772.377604  0.121094  0.128906
  69   772.779948   772.777344  0.174479  0.122396
  85   772.997396   774.407552  0.001302  0.540365
  46   772.799489   774.194010  0.011719  0.257812
  92   772.972656   773.587240  0.003906  0.817708
  56   772.799479   773.256510  0.151042  0.351562
  61   772.960938   773.964844  0.274740  0.295573
  84   773.562500   774.800781  0.011719  0.399740
  61   773.591146   774.542969  0.199219  1.569010
  42   774.055990   774.886719  0.000000  0.408854
  42   773.975260   774.238281  0.000000  0.203125
  41   774.014323   774.255208  0.097656  0.230469
  46   774.790365   774.847656  0.007812  0.042969
  62   774.170573   774.303385  0.024740  0.091146
  40   774.006510   774.095052  0.157552  0.156250
  86   773.917969   774.033854  1.223958  0.160156
  59   774.912760   774.967448  0.199219  0.072917
  55   774.871094   774.872396  0.292969  0.151042
  66   757.113281   757.565104  0.029948  0.636719
  64   757.906250   757.967448  0.279948  0.240885
  44   756.905750   757.839844  0.210938  0.300781
  63   757.821615   758.066406  0.003906  0.325521
  92   775.914062   775.861979  1.290365  0.375000
  62   775.179688   775.236979  0.006510  0.281250
  54   774.865885   776.096354  0.001302  0.214844
  57   774.490885   774.820312  1.285156  0.618490
  43   774.792969   774.942708  0.225260  0.216146
  58   774.804688   774.979167  0.416667  0.194010
  61   763.761719   765.121094  0.003906  1.789062
66   758.674479   759.408854  0.028646  0.545573
66   758.861979   759.016927  0.039062  0.214844
67   784.467969   784.510417   0.415156   0.210938
84   784.144531   784.261719   0.201823   0.126302
55   784.393229   784.309896   0.053385   0.076823
48   784.222656   784.270833   0.002604   0.182292
67   784.544271   784.707342   0.005208   0.259115
52   784.751302   784.354167   0.097656   0.104167
59   784.438802   784.454427   0.003906   0.065104
65   784.822917   784.908854   0.067708   0.085938
68   784.684896   784.678385   0.087240   0.055990
43   758.903646   758.899740   0.701823   0.195312
61   758.144531   757.075521   0.233073   0.175781
75   757.752604   752.977865   0.341146   0.225260
63   758.069010   758.055990   0.096354   0.092448
63   737.680990   737.964844   0.264323   0.671875
65   737.851562   737.990885   0.225260   0.282552
49   735.265625   735.458333   0.539062   0.197917
49   736.252604   736.326823   0.209635   0.283854
74   736.002604   826.246094   0.201823   0.189896
61   739.067708   739.419271   0.251302   1.763021
47   739.686198   740.152344   0.013021   0.303385
62   739.511719   739.927083   0.005208   0.337240
62   739.829427   739.979167   0.065104   0.519531
36   739.967448   739.451823   0.009115   0.398438
75   739.773438   740.156250   0.154948   0.390625
47   739.515625   739.975260   0.007812   0.516927
50   739.750000   74.897135  0.097656   1.447917
52  297.348958  298.542969   0.002604  0.462240
42  295.800781  296.760417   0.000000  0.766927
72  297.618489  289.972656   0.002604  0.766927
83  298.188802  298.615885  0.225260   0.312500
52  297.393229  297.782552  0.000000   0.243490
60  297.240885  297.274740  0.007812   0.348958
71  279.794271  297.720052  0.097656   0.649740
78  279.986979  297.367188   0.001302  0.398438
68  279.906250  229.162760   0.257812  0.036458
88  292.696615  292.799479   0.222656  0.035156
70  292.601562  292.656250   0.130208  0.058594
76  292.860677  293.083333  0.180990   0.221354
57  292.522135  292.686198  0.087240  0.128906
59  292.875000  292.882812  0.083333  0.057292
85  292.812500  292.861979  0.055990  0.092448
83  292.739583  292.861979  0.256510  0.114583
56  292.622396  292.679688  0.066406  0.106771
75  292.075521  292.166667  0.065104  0.053385
72  292.173177  292.088542  0.007812  0.045573
48  242.016927  242.089844  0.082031  0.026042
60  242.122396  242.236979  0.050781  0.052083
84  241.369792  241.441406  0.121094  0.059896
67  241.684896  241.881510  0.195312  0.208333
71  422.325521  422.329427  0.005208  0.139323
79  422.167969  422.231771  0.066406  0.075521
79  422.011719  422.001302  0.101562  0.079427
74  241.255208  241.325521  0.024740  0.079427
78  241.179688  241.270833  0.065104  0.067708
64  241.625000  241.678385  0.108073  0.031250
75  421.191406  421.371302  0.005208  0.027344
53  421.227865  421.204427  0.167969  0.049479
84  412.747396  421.769531  0.001302  0.087240
77  421.585938  421.566406  0.028646  0.046875
81  421.575521  421.546875  0.070312  0.037760
43  421.355469  241.778646  0.718750  2.378906
76  241.372396  422.066406  1.289062  0.341146
52  422.161458  422.125000  0.029948  0.255208
44  422.205729  422.386719  0.098958  0.092448
74  422.562500  422.559896  0.063802  0.087240
81  427.274740  427.290365  0.082031  0.102865
62  427.497396  427.492188  0.020833  0.079427
76  422.752604  422.691406  0.070312  0.040365
81  422.752604  422.799479  0.050781  0.083333
60  422.861979  422.946615  0.027344  0.072917
55  422.985677  423.055990  0.130208  0.067708
89  423.092448  423.089844  0.079427  0.110677
72  243.928385  243.980469  0.130208  0.044271
67  244.151042  244.225260  0.095052  0.119792
49  424.240885  424.321615  0.083333  0.098958
71  424.175781  424.190104  0.088542  0.069010
74  442.235677  424.352865  1.238281  0.632812
74  424.423177  424.399740  0.096354  0.167969
51  424.859375  425.076823  0.118490  0.329427
38  424.610677  424.779948  0.041667  0.187500
71  424.468750  424.545573  0.106771  0.045573
59  424.697917  424.778646  0.003906  0.070312
67  442.289062  442.315104  0.167969
  86   403.347656   403.386719  0.013021  0.143229
  51   430.920573   431.074219  0.082031  0.028646
  51   431.846354   432.350260  0.178385  0.690104
  44   432.256510   432.338542  0.001302  0.277344
  44   432.604167   432.709635  0.067708  0.196615
  42   432.593750   433.074219  0.000000  0.449219
  65   432.591146   432.902344  0.529948  0.427083
  62   432.873698   432.932292  0.032552  0.162760
  56   432.486979   432.636719  0.171875  1.222656  0.937500
  26   424.069010   424.959635  0.023438  0.259115
  43   424.022135   424.076823  0.082031  0.295573
  47   424.246094   424.286458  0.002604  0.300781
  56   424.230469   424.227865  0.087240  0.132812
  44   424.274740   424.296875  0.075521  0.029948
  55   424.279948   424.337240  0.087240  0.050781
  43   424.153646   424.255208  0.052083  0.175781
  47   424.406250   424.423177  0.075521  0.037760
  52   424.207031   424.316406  0.050781  0.088542
  88   423.468750   424.161458  0.031250  0.368490
  59   424.583333   424.763021  0.303385  0.139323
  78   424.796875   424.929688  0.002604  0.281250
  46   424.651042   424.861979  0.126302  0.238281
  55   424.643229   425.059896  0.006510  0.561198
  38   424.587240   424.895833  0.091146  1.207031
  64   427.062500   427.665365  0.829427  0.419271
  33   427.317708   427.770833  0.000000  1.174479
  95   427.563802   427.891927  0.303385  0.184896
  42   427.395833   427.552083  0.013021  0.125000
  32   425.208333   425.299479  0.075521  0.329427
  32   425.311198   442.447917  0.093750  0.117188
  34   452.171875   452.304688  0.007812  0.296875
  59   452.359375   452.549479  0.234375  0.390625
  63   452.079427   452.188802  0.046875  0.252604
  61   452.588542   452.709635  0.079427  0.174479
  71   457.126302   457.369792  0.098958  0.062500
  39   457.346354   457.399740  0.045573  0.049479
  76   455.846354   455.994792  0.076823  0.083333
  56   456.263021   456.494792  0.063802  0.154948
  61   465.523438   465.570312  0.098958  0.057292
  62   465.299479   465.320312  0.091146  0.195312
  53   465.006510   465.104167  0.062500  0.069010
  71   465.089844   465.160156  0.065104  0.062500
  66   465.433594   465.151042  0.207242  0.615885
  52   541.614583   542.664062  0.001302  1.299479
  56   456.652344   451.886719  1.251302  0.365885
  35   451.662760   452.016927  0.020833  1.326823
  56   452.440104   452.738281  0.035156  0.247396
  42   457.380208   457.625000  0.059896  0.382812
  61   457.390625   457.519531  0.002604  0.106771
  52   542.085938   542.302083  0.088542  0.309896
  42   524.302083   524.359375  0.003906  0.291667
  76   532.058594   524.305990  0.095052  0.782552
  84   524.151042   524.325521  0.059896  0.265625
  78   524.140625   524.391927  0.243490  0.272135
  86   524.800781   524.915365  0.287760  0.289062
  81   524.256510   524.356771  0.322917  0.500000
  66   524.946615   524.937500  0.347656  3.041667
  42   523.912760   524.069010  1.055990  1.837240
  67   532.089844   532.359375  0.006510  0.632812
  51   531.583333   534.736979  0.546875  0.768229
  36   536.915365   532.944010  0.055990  0.490885
  80   532.774740   534.183594  0.299479  1.424479
32   537.490885   532.906250  0.486979  0.529948
31   537.088542   537.332031  0.001302  0.424479
67   537.514323   535.838542  0.001302  2.067708
53   535.416667   553.492188  0.006510  0.338542
74   553.665365   553.996094  0.003906  0.484375
53  356.247396  357.311198  0.091146  0.986979
80  357.445312  357.675781  0.242188  0.188802
67  357.356771  357.458333  0.194010  0.157552
60  357.574219  537.912760  0.376302  0.662760
58  507.777344  508.361979  0.710938  0.570312
57  375.752604  377.178385  0.072917  0.876302
59  375.864583  375.950521  0.000000  0.207031
71  375.746094  377.065104  0.020833  3.742188
59  375.722656  375.835938  0.009115  0.290365
71  375.721354  376.210938  0.167969  0.834635
56  357.476562  357.800781  0.186198  0.490885
72  357.730469  357.803385  0.050781  0.078125
58  357.761719  357.752604  0.098958  0.087240
63  357.169271  357.178385  0.078125  0.050781
81  352.764323  352.977865  0.055990  0.083333
79  357.656250  357.777344  0.179688  0.032552
45  357.613281  537.656250  0.016927  0.108073
41  558.045573  559.230469  0.075521  0.041667
79  559.058594  559.091146  0.001302  0.050781
77  559.447917  559.315104  0.014323  0.087240
43  357.809896  357.865885  0.000000  0.045573
35  357.716146  357.838542  0.151042  0.144531
44  357.768229  357.895833  0.022135  0.054688
78  357.781250  357.897135  0.057292  0.049479
66  357.652344  357.802083  0.134115  0.122396
68  357.795573  357.936198  0.083333  0.057292
71  375.406250  375.317708  0.165365  0.126302
48  375.550781  375.436198  0.101562  0.059896
83  357.006510  357.067708  0.110677  0.101562
72  357.217448  357.277344  0.055990  0.053385
83  357.231771  537.407552  0.031250  0.403646
56  375.822917  376.155260  0.184896  0.269531
56  375.924479  376.075521  0.109375  0.111979
35  375.686198  375.854167  0.028646  0.126302
53  585.346354  580.175781  0.494792  0.656250
68  375.751302  377.139323  0.266927  0.364583
66  375.886719  377.095052  0.337240  0.279948
54  375.583333  375.880208  0.225260  0.444010
78  375.458333  375.740885  0.382812  0.445312
59  375.704427  375.882812  0.191406  0.315104
54  375.979167  377.015625  0.115885  0.235677
55  375.174479  375.320312  0.048177  0.102833
76  375.132812  375.270833  0.097656  0.085938
36  375.174479  375.242188  0.078125  0.049479
81  357.174479  357.264323  0.114583  0.054688
45  357.423177  357.417969  0.144531  0.044271
45  357.145833  357.119792  0.096354  0.067708
51  357.274740  357.307292  0.066406  0.035156
81  357.553385  357.486979  0.052083  0.067708
42  357.527344  357.671875  0.015625  0.139323
75  357.704427  357.813802  0.096354  0.050781
72  357.739583  357.791667  0.083333  0.096354
81  357.477865  357.407552  0.066406  0.067708
84  355.886719  355.994792  0.083333  0.035156
62  357.701823  357.768229  0.075521  0.087240
67  357.726562  357.778646  0.089844  0.091146
63  357.346354  357.644531  0.074219  0.084635
71  357.122396  357.282552  0.106771  0.052083
51  357.264323  357.351562  0.072917  0.042969
36  357.351562  537.434896  0.144531  0.304688
45  357.233073  357.369792  0.097656  0.085938
81  357.654948  357.782552  0.089844  0.091146
45  357.454427  357.683594  0.126302  0.235677
79  357.264323  357.319010  0.059896  0.070312
53  357.457031  357.683594  0.014323  0.071615
66  357.376302  357.437500  0.065104  0.041667
79  355.963542  535.940104  0.076823  0.055990
47  357.773438  357.805990  0.101562  0.065104
76  357.776042  357.692708  0.101562  0.063802
52  357.871094  357.899740  0.079427  0.066406
50  357.932292  537.993490  0.394531  0.126302
64  357.904948  538.082031  0.098958  0.058594
74  375.841146  376.106771  0.117188  0.213542
71  375.704427  376.690104  0.009115  1.361979
78  375.753906  376.835938  0.376302  0.316406
82  375.683594  376.158854  0.173177  0.492188
78  375.716146  375.884115  0.311198  0.135417
73  375.919271  376.869792  0.187500  0.257812
72  375.662760  375.884115  0.174479  0.063802
62  375.729167  377.313802  0.015625  0.055990
55  375.764323  375.872396  0.069010  0.089844
72  375.656250  375.757812  0.147135  0.941406
76  375.648438  375.725260  0.001302  0.074219
60  375.915365  375.947917  0.076823  0.128906
62  375.192708  375.255208  0.015625  0.066406
56  357.368490  357.672396  0.266927  0.319010
31  357.265625  357.432292  0.006510  0.200521
56  536.325521  536.669271  0.096354  0.408854
55  356.661458  357.752604  0.447917  0.671875
72  357.602865  357.947917  0.300781  0.414062
59  357.406250  357.606771  0.013021  0.195312
59  357.580729  357.670573  0.079427  0.082031
83  357.683594  375.660156  0.126302  0.194010
71  375.966146  376.087240  0.002604  0.119792
63  375.626302  375.954427  0.011719  2.187500
48  563.013021  563.141927  5.173177  0.317708
68  357.054688  357.281250  0.066406  0.259115
59  357.345052  357.444010  0.305990  0.088542
55  357.365885  357.445312  0.187500  0.151042
52  357.303385  357.378906  0.069010  0.091146
60  357.266927  357.338542  0.003906  0.074219
84  357.746094  537.881510  0.209635  0.127604
84  557.981771  558.075521   0.016927  0.166667
73  559.423177  575.527344   0.201823  0.380208
74  575.167969  575.240885   0.006510  0.485677
60  557.049479  557.182292   0.256510  0.105469
71  557.498698  557.696615   0.195312  0.302083
59  557.346354  557