74    1.023438    1.085938  0.000000  0.062500
87    1.125000    1.154948  0.040365  0.057292
85    1.115885    1.203125  0.015625  0.039062
78    1.281250    1.290365  0.002604  0.045573
83    1.101562     1.201823  0.000000  0.066406
65     1.126302    11.152344  0.000000  0.093750
40     1.117188     1.204427  0.154948  0.057292
86    10.067708    10.135417  0.009115  0.079427
78    10.010417    10.080729  0.003906  0.036458
74    10.162760    10.265625  0.006510  0.125000
68    10.194010    10.460938  0.197417  0.213542
63    10.165365    10.382812  0.001302  0.188802
56    10.187500    10.391927  0.199219  0.167969
70    10.171875    10.378906  0.001302  0.197917
67    10.169271    10.277344  0.000000  0.097656
76    10.190104    10.282552  0.17838  0.049479
79   10.320312   10.526042  0.078125  0.136719
54   10.398438   10.468750  0.003906  0.041667
49  120.286458  102.265625  0.007812  0.050781
71  102.483073  102.592448  0.062500  0.078125
76  102.450521  1022.591146  0.003906  0.076823
  64  1022.496094  1022.593750  0.000000  0.085938
  76  1022.475260  1022.529948  0.007812  0.041667
  78  1022.545573  1022.645833  0.059896  0.075521
  56  1207.439583  1028.003906  0.005208  0.388021
  68  1022.716146  1022.803385  0.148438  0.078125
  36  1022.812500  1027.924479  0.007812  0.102865
  82  1020.730469  1020.755208  0.005208  0.029948
  67  1028.095052  1028.145833  0.000000  0.031250
  29  1028.136719  1028.218750  0.002604  0.066406
  59  1028.183594  1028.204427  0.005208  0.050781
  49  1028.222656  1028.338542  0.005208  0.126302
  58  1028.290365  1028.376302  0.117188  0.072917
  70  1028.490885  1028.584635  0.868490  0.084635
  47  1027.683594  1027.837240  0.002604  0.104167
  82  1027.632812  1027.694010  0.006510  0.035156
  53  1027.743490  1027.834635  0.003906  0.084635
  71  1027.861979  1027.895833  0.000000  0.045573
  58  1027.970052  1027.996094  0.003906  0.061198
  70  1028.019531  1028.923177  0.005208  0.076823
  53  1028.005208  1028.045573  0.001302  0.045573
  47  1028.006510  1028.411458  0.035156  0.346354
  58  102.950521  102.997396  0.006510  0.078125
57  102.966146  102.992188  0.005208  0.036458
69  102.095052  102.216146  0.087240  0.093750
40  102.195312  102.289062  0.084635  0.067708
46  102.199219  102.225260  0.010417  0.037760
76  102.393229  102.477865  0.091146  0.066406
71  102.412760  102.562500  0.075521  0.144531
74  102.333333  102.393229  0.106771  0.042969
81  102.395833  102.402344  0.001302  0.001302
66  102.541667  102.667969  0.079427  0.059896
52  102.428385  102.509115  0.054688  0.045573
71  102.350260  102.367188  0.015625  0.023438
92  102.463542  102.500000  0.079427  0.044271
74  102.358073  102.428385  0.071615  0.095052
81  102.274740  102.372396  0.000000  0.096354
57  130.186198  130.247396  0.089844  0.028646
68  130.290365  130.428385  0.005208  0.101562
84  130.520833  130.614583  0.048177  0.076823
83  130.631510  130.617188  0.069010  0.062500
41  130.744792  130.826823  0.084635  0.063802
44  130.886719  131.104167  0.003906  0.154948
74  130.815104  130.795573  0.110677  0.048177
69  130.846354  130.984375  0.069010  0.104167
87  130.907552  130.968750  0.009115  0.024740
50  130.110677  130.167969  0.074219  0.061198
41  130.191406  130.270833  0.067708  0.071615
31  130.302083  130.466146  0.075521  0.144531
74  130.273438  1300.441406  0.006510  0.162760
44  1032.098958  1032.231771  0.132812  0.115885
55   130.600260   130.671875  0.000000  0.061198
53   130.684896   130.733073  0.005208  0.032552
84   130.787760   130.910156  0.001302  0.089844
66   130.669271   130.752604  0.005208  0.026042
  45   130.776042   130.872396  0.009115  0.048177
  71   130.785156   130.949219  0.117188  0.111979
  65   130.777344   130.860677  0.007812  0.041667
  51   130.753906   130.842448  0.000000  0.057292
  50   130.744792   130.808594  0.015625  0.031250  0.058594
47  147.229167  147.398438  0.089844  0.096354
81  147.321615  147.345052  0.000000  0.054688
67  147.604167  147.770833  0.083333  0.130208
84  147.593750  147.743490  0.015625  0.125000
36  147.778658  147.882812  0.127604  0.096354
47  147.714844  147.746094  0.006510  0.040365
71  147.799479  147.834635  0.006510  0.037760
44  147.718750  417.782552  0.057292  0.050781
55  467.960938  467.985677  0.007812  0.041667
85  426.884115  472.026042  0.010417  0.100260
64  471.088542  472.169271  0.089844  0.062500
32  472.175781  472.402344  0.179688  0.130208
79  472.338542  472.438802  0.074219  0.097656
81  247.657552  247.759115  0.071615  0.040365
41  247.739583  247.772135  0.088542  0.074219
92  247.843750  247.899740  0.096354  0.049479
48  247.088542  247.192708  0.088542  0.082031
62  247.075521  247.157552  0.005208  0.041667
32  247.045573  247.113281  0.087240  0.067708
35  247.053385  247.114583  0.013021  0.048177
64  247.152344  247.204427  0.048177  0.096354
47  247.261719  247.333333  0.000000  0.033854
33  247.253906  247.333333  0.045573  0.049479
54  247.395833  254.321615  0.096354  0.042969
50  254.062500  254.102865  0.184896  0.082031
72  254.020833  254.048177  0.084635  0.054688
37  253.011719  253.062500  0.065104  0.054688
52  252.921875  252.967448  0.066406  0.053385
32  252.921875  252.996094  0.003906  0.049479
41  252.895833  252.907552  0.048177  0.044271
35  252.921875  252.996094  0.015625  0.055990
79  252.889323  253.050781  0.001302  0.092448
55  252.966146  253.087240  0.079427  0.100260
47  253.067708  253.118490  0.123698  0.054688
33  253.088542  253.248698  0.093750  0.158854
59  252.472656  252.539062  0.097656  0.046875
43  252.583333  252.617188  0.091146  0.036458
35  252.738281  252.811198  0.006510  0.048177
64  252.743490  252.803385  0.007812  0.084635
71  252.821615  252.919271  0.093750  0.069010
41  252.878906  252.919271  0.000000  0.058594
64  252.876302  252.889323  0.006510  0.031250
79  252.777344  252.835938  0.109375  0.058594
91  252.911458  252.986979  0.096354  0.092448
67  252.981771  253.026042  0.013021  0.042969
36  247.513021  254.613281  0.070312  0.059896
55  252.835938  254.378906  0.182292  0.500000
58  254.058594  254.484375  0.007812  0.420573
43  254.078125  254.519531  0.005208  0.458333
48  254.066406  254.428385  0.036458   0.382812
50  254.071615  254.328125  0.000000   0.196615
65  254.121094  254.425781  0.182292   0.278646
55  254.225260  254.440104  0.044271   0.220052
62  254.389323  255.029948  0.069010   3.563802
59  254.343750  254.634115  0.010417   0.277344
44  254.617188  254.683594   0.229167  0.054688
76  254.591146  254.759115   0.000000  0.121094
42  254.927083  255.065104   0.006510  0.049479
69  254.903646  255.036458   0.001302  0.046875
37  255.097656  525.303385   0.160156  0.179688
69  523.078125  532.289062   0.016927  0.183594
60  253.778646  254.007812   0.001302  0.145833
59  253.863281  254.071615   0.003906  0.184896
73  254.911458  255.019531   0.000000  0.039062
42  255.084635  255.128906   0.007812  0.044271
74  255.083333  255.122396   0.001302  0.067708
62  255.102865  255.195312   0.002604  0.029948
40  255.070312  253.088542   0.003906  0.026042
40  255.037760  255.135417   0.001302  0.091146
64  255.080729  255.123698   0.005208  0.042969
83  255.045573  255.135417   0.100260  0.042969
72  255.088542  255.183594   0.036458  0.072917
55  255.322917  255.410156   0.000000  0.052083
66  255.377604  255.513021   0.001302  0.136719
72  255.562500  255.673177   0.002604  0.083333
45  255.796875  256.070312   0.005208  0.214844
73  255.893229  256.368490   0.002604  0.665365
61  255.924479  256.358073   0.018229  0.442708
54  256.104167  256.682292   0.000000  0.445312
47  256.197917  256.225260   0.001302  0.033854
42  256.385417  256.397135  0.183594  0.040365
87  256.162760  256.231771  0.121094  0.065104
67  256.136719  256.227865  0.110677  0.098958
55  256.305990  256.351562  0.059896  0.040365
46  256.276042  256.356771  0.192708  0.084635
72  256.257812  256.429688  0.160156  0.104167
46  256.277344  256.348958  0.003906  0.052083
64  256.274740  256.384115  0.063802  0.083333
34  256.371094  256.453125  0.098958  0.049479
64  256.528646  256.493490  0.079427  0.039062
50  256.648438  256.670573  0.308594  0.030469
54  265.701823  265.750000  0.011719  0.052083
88  265.834635  266.027344  0.026042  0.144531
69  266.970052  267.035156  0.089844  0.076823
68  266.993490  267.054688  0.096354  0.049479
47  267.963542  276.875000  0.188802  0.391927
72  276.729167  276.881510  0.083333  0.138021
66  276.873698  277.054688  0.002604  0.196615
80  276.736979  276.833333  0.005208  0.065104
77  276.947917  277.071615  0.093750  0.050781
55  276.928385  276.984375  0.028646  0.040365
74  277.032552  276.031250  0.009115  0.042969
50  271.968750  272.059896  0.067708  0.055990
71  272.138021  272.229167  0.098958  0.054688
71  272.195312  272.210938  0.065104  0.044271
74  272.442708  272.591146  0.091146  0.055990
88  272.510417  272.587240  0.002604  0.093750
38  272.494010  272.526042  0.002604  0.045573
45  274.210938  274.221354  0.096354  0.032552
77  274.324219  274.394531  0.097656  0.066406
78  274.355469  274.466146  0.007812  0.044271
52  274.442708  274.524740  0.011719  0.055990
55  274.430990  274.518229  0.007812  0.045573
74  274.558594  274.740885  0.100260  0.110677
74  274.562500  274.580729  0.000000  0.052083
54  274.515625  274.630208  0.062500  0.069010
69  274.511719  274.542969  0.101562  0.055990
81  274.519531  274.566406  0.079427  0.075521
47  274.468750  274.528646  0.101562  0.041667
51  2476.593750  2260.824219  0.005208  0.218750
72   274.479167   274.700521  0.320312  0.248698
69   252.846354   252.949219  0.318229  0.096354
40   252.919271   252.981771   0.183594   0.075521
48   252.028646   252.066406   0.087240   0.061198
30   252.098958   252.170573   0.095052   0.032552
46   252.296875   252.421875   0.110677   0.169271
51   275.291667   275.368490   0.104167   0.089844
57   275.350260   275.533854   0.167969   0.105469
75   275.371094   275.494792   0.014323   0.069010
48   275.377604   275.505208   0.095052   0.100260
48   275.369792   275.549479   0.123698   0.119792
44   275.334635   275.444010   0.041667   0.063802
44   275.337240   275.428385   0.093750   0.083333
48   267.444010   276.563802   0.000000   0.106771
62   275.571615   275.569010   0.066406   0.067708
82   275.393229   275.541667   0.095052   0.059896
73   257.367188   257.552083   0.105469   0.122396
54   257.197917   257.377604   0.050781   0.131510
75   257.175781   257.292969   0.013021   0.089844
77   257.087240   257.223958   0.072917   0.101562
84   257.277344   257.437500   0.210938   0.144531
85   257.248698   257.397135   0.054688   0.082031
63   257.305990   257.377604   0.093750   0.061198
79   257.359375   257.608073   0.000000   0.231771
70   255.971354   255.984375   0.087240   0.066406
46   255.832031   256.013021   0.192708   0.182292
75   255.881510   256.032552   0.066406   0.108073
84   255.986979   256.059896   0.101562   0.105469
44   255.911458   256.022135   0.085938   0.058594
85   255.930990   256.005208   0.102865   0.105469
44   256.183594   256.277344   0.048177   0.083333
51   255.222656   255.295573   0.101562   0.049479
32   255.106771   255.140625   0.092448   0.057292
30   255.270833   255.457031   0.114583   0.156250
79   255.108073   255.233073   0.101562   0.092448
56   255.204427   255.225260   0.007812   0.033854
44   255.571615   255.837240   0.015625   0.242188
44   255.640625   255.730469   0.083333   0.059896
79   255.843750   256.122396   0.083333   0.209635
58   255.949219   255.976562   0.084635   0.044271
46   255.084635   255.153646   0.128906   0.058594
76   255.085938   255.130208   0.333333   0.093750
44   255.187500   255.227865   0.115885   0.067708
39   255.130208   255.191406   0.122396   0.054688
44   255.162760   255.240885   0.092448   0.096354
47   255.143229   250.188802   0.089844   0.054688
82    25.360677    25.462240   0.100260   0.096354
65    25.381510    25.550781   0.111979   0.093750
60    25.442708    25.554688   0.100260   0.106771
48    25.582031    25.677083   0.062500   0.076823
70    25.859375    25.888021   0.091146   0.065104
53    25.895833    25.888021   0.067708   0.029948
48    25.713542    25.785156   0.067708   0.065104
62    25.885417    26.032552   0.118490   0.157552
51    25.779948    26.115885   0.218750   0.787760
80    26.378906    261.579427   0.000000   0.264323
64   201.778646   201.911458   0.209635   0.080729
52   201.994792   201.980469   0.119792   0.062500
58    21.026042    21.035156   0.002604   0.042969
44    20.388021    20.697917   0.002604   0.250000
51    20.356771    20.567708   0.242188   0.141927
73    20.583333    20.606771   0.014323   0.067708
41    20.839844    20.897135   0.096354   0.076823
44    20.957031    20.986979   0.101562   0.033854
64    20.912760    20.966146   0.018229   0.036458
63    20.938802   210.966146   0.089844   0.048177
76   210.888021   210.865885   0.088542   0.074219
89    21.898438    219.953125   0.111979   0.082031
53    21.833333    21.929688   0.183594   0.055990
48    21.898438    21.876302   0.010417   0.040365
84    29.222656    29.300781   0.079427   0.082031
83    29.272135    29.345052   0.071615   0.032552
51    29.334635    29.628906   0.447919   0.311198
29     3.885417     4.032552   0.091146   0.149740
81     4.091146     4.178385   0.078125   0.106771
70    40.078125    40.175781   0.199219   0.098646
78    40.188802    40.225260   0.083333   0.078125
49    40.117188    40.115885   0.078125   0.032552
58    40.106771    40.574219   0.096354   0.428385
48    40.098958    40.296875   0.098958   0.188802
75    40.087240    40.158854   0.002604   0.063802
73    40.078125    40.151042   0.111979   0.071615
80    40.147135    40.171875   0.059896   0.049479
42    40.139323    40.105469   0.098958   0.036458
64    24.063802    24.118490   0.091146   0.041667
43    24.096354    24.369792   0.096354   0.095052
48    24.483073    24.740885   0.069010   0.260417
62    24.497396    24.770833   0.014323   0.250000
56    24.658854    24.970052   0.014323   0.304688
77    24.636719    24.904948   0.053385   0.269531
48    24.787760    24.919271   0.098958   0.123698
39    24.945312    25.108073   0.183594   0.100260
70    24.911458    25.041667   0.079427   0.091146
48    24.829427    24.925781   0.196615   0.075521
48    24.944010    25.089844   0.106771   0.089844
87    24.891927    24.986979   0.084635   0.093750
82    42.015625    42.050781   0.108073   0.048177
56    42.966146    42.962240   0.049479   0.067708
74    42.997396    43.070312   0.006510   0.071615
34    43.993490    44.253906   0.101562   0.222656
47    44.072917    44.151042   0.092448   0.092448
58    44.082031    44.089844   0.095052   0.044271
46    44.089844    44.151042   0.110677   0.108073
72    44.139323    44.199219   0.088542   0.069010
75    44.192708    44.199219   0.218750   0.065104
66   440.049479   440.095052   0.100260   0.075521
76   430.054688   430.151042   0.074219   0.088542
56   430.085000   430.173177   0.082031   0.061198
67   430.115885   430.170573   0.016927   0.063802
89   430.135417   43.192708   0.009115  0.178385
59  240.473958  240.740885   0.009115  0.217448
47  240.725260  241.217448   0.000000  0.554688
49  241.005208  241.084635   0.218750  0.046875
35  240.070312  240.093750   0.002604  0.037760
59  240.115885  240.209635   0.001302  0.055990
42  240.295573  240.341146   0.009115  0.031250
64  240.308594  240.425781   0.005208  0.033854
42  240.397135  240.393229   0.005208  0.040365
54  245.093750  245.138021   0.006510  0.032552
30  245.059896  245.285156   0.003906  0.199219
53  245.320312  245.445312   0.001302  0.136719
37  245.325521  245.360677   0.002604  0.029948
64  245.477865  245.625000   0.006510  0.158854
42  245.588542  245.653646   0.001302  0.059896
57  245.615885  245.675781   0.026042  0.029948
55  254.100260  254.164062   0.005208  0.040365
68  254.430990  254.510417   0.003906  0.052083
74  254.511719  254.665365   0.002604  0.166146
80  254.648438  254.783854   0.312500  0.091146
83  523.010417  253.938802   0.001302  0.131510
73  253.089844  253.183594   0.016927  1.040365
40  235.023438  235.381510   0.388021  0.361979
78  225.335938  225.459635   0.005208  0.085938
61  225.647135  225.656250   0.078125  0.029948
57  252.098958  252.115885   0.000000  0.035156
64  252.226562  252.265625   0.072917  0.029948
74  252.231771  252.305990   0.001302  0.048177
37  252.257812  252.287760   0.002604  0.032552
74  252.272135  252.326823   0.007812  0.042969
73  252.240885  252.348958   0.002604  0.039062
42  252.252604  252.341146   0.013021  0.084635
42  252.270833  252.316406   0.005208  0.044271
50  252.307292  252.453125   0.091146  0.141927
64  252.361979  252.549479   0.372396  0.118490
66  252.614583  252.680990   0.001302  0.037760
45  252.627604  252.635417   0.002604  0.037760
69  252.746094  252.782552   0.007812  0.039062
36  252.787760  252.812500   0.003906  0.029948
54  252.686198  252.789062   0.000000  0.058594
42  252.970052  253.045573   0.010417  0.046875
35  252.914062  253.068208   0.009115  0.044271
75  252.988281  253.052083   0.072917  0.040365
40  252.947917  252.975052   0.001302  0.065104
42  252.878906  252.872346   0.001302  0.037760
64  252.885417  252.894531   0.016927  0.027344
69  274.320312  274.460938   0.091146  0.148438
61  274.420573  274.501302   0.001302  0.040365
81  247.632812  247.666667   0.000000  0.027344
76  247.803385  247.878906   0.000000  0.045573
77  247.710938  247.871094   0.003906  0.126302
49  247.847656  247.837240   0.000000  0.031250
45  247.871094  247.970052   0.006510  0.075521
71  247.738281  247.808594   0.001302  0.028646
61  247.826823  247.914062   0.002604  0.046875
79  247.885417  247.967448   0.014323  0.045573
33  247.915365  247.988281   0.003906  0.027344
66  247.927083  248.046875   0.006510  0.041667
47  247.998698  247.989583   0.006510  0.049479
37  247.928385  247.998698  0.082031  0.049479
47  247.973958  248.049479  0.182292  0.097656
42  247.945312  248.031250  0.108073  0.084635
71  247.975260  253.003906  0.005208  0.055990
41  247.876302  247.877604  0.006510  0.046875
50  247.735677  247.765625  0.014323  0.036458
35  247.045573  247.080729  0.089844  0.040365
37  247.032552  247.075521  0.014323  0.065104
35  247.071615  247.282552  0.000000  0.205729
57  247.145833  247.217448  0.011719  0.055990
52  247.220052  247.333333  0.010417  0.053385
40  247.449219  247.401042  0.003906  0.037760
34  247.532552  247.545573  0.011719  0.036458
32  247.373698  247.472656  0.096354  0.084635
80  247.286458  247.460938  0.091146  0.177083
31  247.373125  247.542969  0.213542  0.110677
55  247.338542  247.571615  0.104167  0.194010
68  247.436198  247.601562  0.143229  0.123698
67  247.604167  247.804688  0.196615  0.130208
53  247.730469  247.786458  0.027344  0.049479
57  247.085938  247.122396  0.111979  0.049479
48  247.105469  247.184896  0.005208  0.048177
64  247.100260  247.307292  0.080729  0.084635
83  247.065104  247.230469  0.106771  0.118490
66  242.755208  242.813802  0.020833  0.053385
43  242.888021  242.869792  0.006510  0.040365
47  242.889323  242.941406  0.089844  0.067708
55  242.798177  242.855469  0.014323  0.045573
48  242.914062  243.032552  0.010417  0.050781
34  244.088542  245.134115  0.183594  0.054688
31  244.139323  244.212240  0.010417  0.040365
38  244.195312  244.223958  0.106771  0.035156
60  244.208333  244.319010  0.170573  0.082031
72  244.312500  244.346354  0.234375  0.046875
55  244.389323  244.449219  0.195312  0.059896
67  244.282552  422.444010  0.104167  0.097656
67  244.214844  244.264323  0.016927  0.046875
84  244.319010  244.304688  0.006510  0.036458
72  425.221354  244.208333  0.010417  0.055990
91  425.194010  425.199219  0.002604  0.030469
63  425.218750  425.399740  0.062500  0.123698
67  424.641927  424.822917  0.089844  0.088542
42  424.700521  424.753906  0.023438  0.044271
47  424.859375  424.979167  0.096354  0.088542
57  4