74    1.023438    1.085938  0.000000  0.062500
55    1.902344    1.958333  0.003906  0.037760
64    1.979167    2.052083  0.200521  0.125000
57    1.946615    1.966146  0.196615  0.046875
50    1.957031    21.317708  0.069010  0.388021
50    12.832031    13.067708  0.071615  0.170573
36    12.934896    13.042969  0.001302  0.088542
82    21.264323    21.312500  0.007812  0.016927
50    21.438802    21.378906  0.095052  0.048177
75    21.549479    21.522135  0.003906  0.033854
69    21.604167    21.666667  0.143229  0.119792
52    26.013021    71.080729  0.003906  0.066406
43    71.207031    71.358073  0.019531  0.174479
62    71.479167    71.563802  0.071615  0.132812
46    71.589844   126.723958  0.013021  0.174479
57   127.709635   128.779948  0.141927  0.593750
81   172.983073   173.089844  0.014323  0.217448
86   172.908854   174.054688  0.148438  0.101562
52   172.981771   173.238281  0.257812  0.253906
52   172.398438   172.941406  0.808594  0.398438
40   172.205729   172.548177  0.171875  0.352865
59   172.209635   172.350260  0.001302  0.128906
  40   172.302083   172.359375  0.019531  0.053385
  63   172.307292   172.483073  0.000000  0.121094
  54   172.320312   172.468750  0.002604  0.098958
  62   171.156250   171.165365  0.121094  0.036458
  65   171.610677   171.546875  0.097656  0.033854
  77   171.601562   171.626302  0.005208  0.058594
  63   171.711719   171.817708  0.011719  0.062500
  52   171.628906   171.684896  0.001302  0.065104
  63   171.688802   171.832031  0.255208  0.180990
  64   171.859375   171.855469  0.179688  0.048177
  53   172.057292   172.162760  0.002604  0.091146
  58   171.813802   171.940104  0.145833  0.106771
  62   171.799479   171.886719  0.006510  0.128906
  64   171.955729   172.000000  0.014323  0.119792
  55   171.912760   171.977865  0.148438  0.085938
  62   171.916667   172.019531  0.003906  0.083333
  54   171.950521   172.084635  0.148438  0.149740
  57   171.904948   171.915365  0.002604  0.044271
  43   171.985677   171.980469  0.001302  0.088542
  86   171.957031   172.061198  0.177083  0.100260
  71   171.970052   172.039062  0.000000  0.135417
  77   171.964844   172.048177  0.006510  0.101562
  59   172.014323   172.026042  0.138021  0.055990
  72   127.884115   128.059896  0.131510  0.182292
  53   172.967448   173.274740  0.022135  0.263021
  69   172.985677   173.768229  0.015625  0.815104
  69   172.337240   173.428385  0.003906  0.395833
  82   172.117188   172.393229  0.152344  0.319010
  80   172.070312   172.175781  0.184896  0.140625
  55   172.720052   127.994792  0.035156  0.309896
  58   172.997396   173.247396  0.001302  0.247396
  57   127.750000   128.483073  0.115885  1.557292
  60   127.645833   128.315104  0.242188  0.502604
  65   127.657552   128.670573  0.018229  1.511719
63   127.565104   128.694010  0.028646  1.316406
61   127.484375   128.497396  0.256510  0.677083
69   126.854167   129.434896  0.006510  0.630208
57   127.251302   128.167969  0.269531  0.816406
52   127.766927   128.292969  0.132031  0.444010
40   127.600260   128.062500  0.342448  0.358073
52   128.545573   129.119792  0.001302  0.812500
62   128.776042   129.388021  0.273438  0.660156
67   128.886719   129.345052  0.027344  0.368490
33   128.485677   129.380208  0.298177  0.971354
95   129.644531   129.872396  0.003906  0.165365
47   129.848958   129.878906  0.238281  0.067708
61   130.022135   130.125000  0.348958  0.091146
59   129.377604   129.532552  2.631510  0.114583
15   129.880208   129.994792  0.091146  0.075521
59   129.940104   129.990885  0.009115  0.033854
45   129.880208   129.899740  0.138021  0.071615
76    19.375000    19.476562  0.007812  0.071615
70    19.402344    19.438802  0.143229  0.035156
49    19.446615    19.404948  0.002604  0.031250
57    19.471354    19.494792  0.000000  0.036458
81    19.670573    19.859375  0.000000  0.084635
81    19.894531    19.930990  0.144531  0.027344
44    19.908854    19.993490  0.144531  0.066406
24    19.890625    19.944010  0.071615  0.033854
81    19.955729    19.979167  0.013021  0.072917
44    91.957031    91.919271  0.032552  0.039062
83    19.902344    19.959635  0.166667  0.054688
61    19.994792    19.984375  0.001302  0.061198
41    19.912760    19.994792   0.104167   0.076823
63    19.979167    19.938802   0.087240   0.065104
51    19.851562    19.949219   0.195312   0.070312
65    19.888021    19.947917   0.002604   0.036458
83    19.882812    19.941406   0.199219   0.066406
49    19.882812    19.868490   0.057292   0.035156
34    19.979167    19.938802   0.217448   0.066406
55    19.829427    19.984375   0.213542   0.153646
70    19.963542    19.993490   0.084635   0.083333
75    19.841146    19.859375   0.033854   0.057292
73    19.841146    19.940104   0.144531   0.035156
83    19.820312    19.946615   0.087240   0.085938
60    19.977865    19.988281   0.011719   0.045573
43    19.927083    11.082031   0.031250   0.071615
48    19.996094    19.955208   0.098958   0.046875
61    19.947917     9.973958   0.006510   0.037760
53    19.930990    19.985677   0.061198   0.065104
44    19.888021    19.998698   0.182292   0.128906
52    19.907552    19.984375   0.044271   0.053385
63    19.875000    19.941406   0.071615   0.035156
49    19.911458    19.994792   0.040365   0.067708
72    19.930990    19.986979   0.057292   0.053385
84    19.938802    19.944010   0.170573   0.045573
40    19.998698    19.989583   0.098958   0.071615
75    19.994792    19.942708   0.088542   0.055990
63    19.968750    19.929688   0.083333   0.041667
44    91.916667    91.984375   0.092448   0.084635
71    91.917969    91.959635   0.139323   0.065104
45    91.889323    91.967448   0.035156   0.059896
42    19.798177    19.929688   0.067708   0.114583
34    19.928385    19.981771   0.110677   0.065104
65    19.907552    19.993490   0.221354   0.125000
79    19.985677    19.894531   0.220052   0.076823
65    19.906250    19.932292   0.187500   0.044271
42    19.778646    19.888021   0.089844   0.066406
43    19.783854    19.908854   0.117188   0.113281
53    19.975260    19.993490   0.019531   0.048177
62    19.947917    19.996094   0.072917   0.071615
60    19.970052    20.429688   1.065104   2.399740
56    14.171875    14.717448   0.039062   0.515625
68    14.175781    6.173177  0.523438   0.279948
72    14.197917    14.752604  0.022135  0.460938
52    14.269531    14.438802  0.143229  0.233073
63    14.453125    14.627604  0.101562  0.234375
64    14.555990    14.684896  0.343750  0.156250
51    14.540365    14.714844  0.692708  0.125000
47    14.674479    14.703125  0.002604  0.055990
95    14.761719    14.847656  0.003906  0.057292
41    14.653646    14.739583  0.002604  0.066406
67    14.949219    14.977865  0.003906  0.049479
55    14.970052    15.023438  0.002604  0.062500
55    14.867188    15.002604  0.006510  0.127604
67    14.938802    14.945312  0.003906  0.095052
74    14.907552    15.001302  0.009115  0.057292
56    14.919271    15.080729  0.009115  0.058594
44    14.701823    14.809896   0.143229   0.070312
44    14.871094    14.994792   0.203125   0.076823
48    14.993490    15.010417   0.088542   0.032552
48    15.003906    15.082031   0.089844   0.061198
43    12.638021    12.740885   0.182292   0.084635
60    12.645833    13.057292   0.212240   0.348958
55    12.587240    13.048177   0.005208   1.287760
68   123.080729   123.277344   0.192708   0.272135
80   122.674479   123.053385   0.013021   0.300781
50   122.691406   122.791667   0.218750   0.117188
58   122.585938   122.980469   0.430990   0.322917
70   122.083333   122.059896   0.097656   0.052083
41   122.320312   122.541667   0.195312   0.263021
51   122.527865   122.739583   0.147135   0.070312
49   122.476562   122.654948   0.122396   0.039062
59   122.587240   122.696615   0.141927   0.079427
52   122.669271   122.868490   0.014323   0.167969
71   127.229167   122.322917   0.067708   0.128906
63   210.812500   210.914062   0.088542   0.053385
46   122.644531   122.643229   0.097656   0.055990
80   122.578125   122.770833   0.257812   0.147135
65   122.645833   122.989583   0.253906   1.121094
44   122.277344   122.522135   0.036458   0.164062
39   122.463542   122.589844   0.200521   0.113281
77   122.697917   122.903646   0.101562   0.222656
70   122.631510   122.819010   0.192708   0.091146
51   127.397135   127.614583   0.011719   0.218750
65   127.559896   128.527344   0.019531   1.419271
56   127.330729   128.981771   0.263021   0.395833
55   127.407552   127.824219   0.192708   0.430990
66   127.345052   127.476562   0.125000   0.125000
49   127.455729   128.570312   0.014323   0.450521
84   127.529948   129.058594   1.223958   1.640625
63   127.653646   128.940104   0.001302   0.942708
46   127.526042   128.039062   0.097656   0.480469
72   127.770833   128.105469   0.001302   0.393229
53   127.536458   127.583333   0.082031   0.080729
87   127.585938   127.679688   0.089844   0.118490
76   127.475260   127.595052   0.055990   0.122396
82   127.406250   127.592448   0.132812   0.218750
52   127.358073   127.980469   0.006510   7.908854
51   126.889323   128.641927   0.003906   0.518229
73   127.265625   127.699219   0.165365   0.447917
59   127.143229   127.305990   0.130208   0.151042
48   127.376302   127.463542   0.221354   0.037760
85   127.444010   127.540365   0.062500   0.032552
44   127.515625   127.628906   0.101562   0.119792
81   172.044271   172.134815   0.085938   0.083333
88   172.253906   172.393229   0.101562   0.121094
31  1271.132812  1271.253906   0.253906   0.208333
43  1271.009115  1271.147135  0.220052  0.169271
65  1271.111979  1271.175781  0.029948  0.076823
83  1271.145833  1271.248698  0.001302  0.058594
  65  1271.240885  1271.361979  0.005208  0.080729
  77  1271.317708  1271.445312  0.134115  0.119792
  66  1271.457031  1271.506510  0.001302  0.052083
  77  1271.490885  1271.536458  0.028646  0.036458
  69  1268.071615  1268.411458  0.106771  0.748698
  43  1271.522135  1271.497396  0.002604  0.035156
  68  1271.713542  1271.665365  0.032552  0.022135
  78  1271.040365  1271.071615  0.079427  0.045573
  67  1271.113281  1271.247396  0.174479  0.075521
  78  1271.212240  1271.339844  0.123698  0.131510
  93  1271.182292  1271.243490  0.002604  0.058594
  79  1271.281250  1271.240885  0.005208  0.032552
  71  1262.131510  1262.222656  0.010417  0.151042
  93  1271.490885  1271.463542  0.095052  0.076823
  75  1271.361198  1271.434896  0.013021  0.083333
  67  1267.136719  1267.264323  0.011719  0.167969
  88  1267.240885  1267.339844  0.009115  0.078125
  58  1267.217448  1267.335938  0.153646  0.106771
  57  1267.328125  1267.449219  0.015625  0.106771
  81  1267.365885  1267.451823  0.007812  0.057292
  66  1267.407552  1267.497396  0.079427  0.115885
  77  1267.479167  1267.545573  0.011719  0.085938
  78  1267.483073  1267.488281  0.114583  0.046875
  43  1268.295573  1268.321615  0.100260  0.032552
  81  1268.274740  1268.355469  0.016927  0.054688
  57  1256.997396  1266.091146  0.087240  0.054688
  60  1263.946615  1264.002604  0.002604  0.054688
  81  1264.078125  1264.270833  0.006510  0.222656
  77  1264.109375  1264.233073  0.005208  0.065104
  79  1264.291667  1264.369792  0.088542  0.049479
  31  1264.367188  1264.375000  0.001302  0.035156
  71  1264.450521  1264.531250  0.074219  0.100260
  40  1246.562500  1264.669271  0.066406  0.093750
  71  1264.510417  1264.602865  0.007812  0.061198
  73  1264.484375  1264.641927  0.014323  0.118490
  69  1264.498698  1264.593750  0.005208  0.130208
  65  1152.774740  1145.428385  0.024740  3.529948
  34  1317.537760  1317.790365  0.002604  3.108073
  66  1316.919271  1317.332031  0.000000  0.444010
  67  1316.079427  1316.735677  0.274740  0.669271
  67  1133.604167  1134.046875  0.158854  0.500000
  66  1311.516927  1311.867188  0.005208  0.376302
74  1134.350781  1134.692708  0.774740  0.367188
79  1134.195312  1134.373698  0.126302  0.119792
80  1143.576823  1143.666667  0.072917  0.088542
53  1143.449219  1143.566406  0.093750  0.113281
50  1143.583333  1143.945312  0.131510  0.263021
1  1143.476562  1143.549479  0.024740  0.122396
52  1143.747396  1143.920573  0.002604  0.136719
77  1143.776042  1143.998698  0.292969  0.221354
58  1143.661458  1143.945312  0.000000  0.257812
45  1140.376302  141.408854  4.003906  0.778646
7  140.391927  141.417969  0.466146  0.683594
47  141.493490  141.606771  0.065104  0.164062
52  141.597656  141.735677  0.011719  0.115885
40  146.132812  146.269531  0.160156  0.148438
78  144.095052  144.266927  0.095052  0.143229
55  144.371094  144.386719  0.005208  0.074219
83  144.528646  144.687500  0.100260  0.114583
75  144.680990  144.919271  0.015625  0.218750
49  144.466146  144.954427  0.328125  0.527344
59  144.493490  144.632812  0.001302  0.238281
48  144.647135  144.800781  0.011719  0.118490
58  144.971354  149.990885  0.092448  0.053385
64   914.235677   931.696615  0.269531  0.380208
68   913.459635   914.287760  1.460938  0.944010
47   914.055990   914.744792  1.412760  1.665365
50   911.309896   911.756510  0.714844  0.446615
  47   911.091146   911.756510  0.933594  0.658854
  75   911.617188   912.015625  0.011719  0.424479
  88   911.891927   912.132812  0.015625  0.256510
  66   194.236979   194.457031  0.296875  0.240885
  65   194.494792   194.764323  0.001302  0.233073
  51   194.386719   194.463542  0.015625  0.055990
  36   194.610677   194.746094  0.002604  0.136719
  62   194.927083   195.000000  0.001302  0.102865
  53   194.908854   194.970052  0.000000  0.095052
  73   194.954427   194.953125  0.006510  0.033854
  77   194.977865   194.983073  0.002604  0.036458
  50   194.998698   194.994792  0.005208  0.057083
88   199.911458   199.949219  0.003906  0.041667
83   199.496094   199.486979  0.000000  0.041667
63   199.548177   199.904948  0.240885  0.445312
72   199.614583   199.863281  0.171875  0.208333
84   199.618490   199.515625  0.165365  0.035156
42   199.542969   199.803385  0.489583  0.273438
65   199.460938   199.847656  0.428385  0.411458
85   910.976562   911.371094  0.002604  0.437500
83   911.734375   912.177083  0.005208  0.653646
68   194.264323   194.548177  0.358073  0.355469
65   194.231771   194.658854  0.003906  2.084635
68   194.958333   195.223958  0.272135  0.313802
47   196.088542   196.371094  0.444010  0.248698
69   196.067708   196.497396  0.014323  0.411458
40   196.132812   196.641927  0.141927  0.460938
78   196.997396   192.147135  0.235677  0.281250
48   191.936198   192.041667  0.200521  0.194010
60   191.958333   192.080729  0.550781  0.138021
63   192.049479   192.480469  0.003906  0.579427
64   192.589844   192.997396  0.011719  0.367188
38   192.804688   193.093750  0.003906  0.212240
51   192.798177   193.042969  0.243490  0.298177
  55   192.678385   912.930990  0.000000  0.231771
  70   192.691406   192.878906  0.033854  0.210938
  62   192.537760   192.902344  0.157552  0.572917
  62   192.683594   192.899740  0.001302  0.148438
  58   192.837240   193.006510  0.009115  0.180990
  56   192.861979   193.033854  0.234375  0.222656
  66   192.763021   192.938802  0.001302  0.230469
  44   192.867188   192.997396  0.212240  0.156250
  73   192.981771   193.058594  0.244792  0.151042
  77   192.976562   193.054688  0.022135  0.078125
  56   193.049479   193.207031  0.001302  0.281250
  57   911.002604   911.458333  0.014323  0.480469
  65   192.500000   192.656250  0.002604  0.140625
  77   119.456510   119.777344  0.002604  0.483073
  59   191.145833   191.312500  0.220052  0.187500
  77   190.270833   190.410156  0.016927  0.179688
65   190.134115   190.326823  0.345052  0.242188
64   181.449219   181.615885  0.250000  0.265625
64   181.955729   182.148438  0.269531  0.239583
73   181.940104   182.089844  0.031250  0.264323
55   181.820312   182.085938  0.024740  0.230469
64   181.989583   182.096354  2.368490  0.109375
64   18.230469   18.763021  0.321615  0.463542
4   18.145833   18.412760  0.216146  0.125000
66   17.921875   18.134115  0.218750  0.194010
76   173.993490   174.274740  0.001302  0.295573
40   173.001302   173.441406  0.006510  0.395833
68   173.269531   173.752604  0.020833  0.346354
63   173.157552   173.322917  0.188802  0.171875
63   172.544271   172.990885  0.001302  0.471354
68   171.658854   171.808594  0.014323  0.180990
69   171.037760   171.328125  0.233073  0.291667
61   171.011719   171.576823  0.014323  0.496094
36   127.078125   127.177083  0.007812  0.141927
62   127.144531   127.282552  0.005208  0.119792
  74   127.289062   127.398438  0.007812  0.127604
  56   127.139323   127.253906  0.001302  0.117188
  51   127.145833   127.169271  0.134115  0.035156
  62   127.281250   127.295573  0.011719  0.036458
  73   127.338542   127.382812  0.010417  0.072917
  75   127.393229   127.449219  0.005208  0.028646
  62   127.471354   127.514323  0.000000  0.035156
  76   127.252604   127.348958  0.141927  0.057292
  43   127.367188   127.447917  0.018229  0.062500
  66   127.539062   127.494792  0.011719  0.035156
  62   127.398438   127.442708  0.018229  0.024740
  71   127.430990   128.415365  0.000000  0.330729
  60   127.147135   128.266927  0.242188  0.166667
  61   127.480469   128.251302  0.161458  1.041667
  69   127.359375   128.502604  0.002604  0.548177
  67   127.756510   128.013021  0.001302  1.020833
  64   172.361979   172.934896  0.084635  0.675781
  64   172.865885   173.460938  0.002604  0.375000
  63   172.277344   173.503906  0.024740  1.311198
  55   172.811198   173.036458  0.277344  0.203125
  64   172.125000   172.338542  0.199219  0.199219
  58   172.329427   172.368490  0.144531  0.054688
  65   172.390625   172.537760  0.087240  0.089844
  57   172.207031   172.229167  0.102865  0.045573
  65   172.361979   172.563802  0.173177  0.126302
  78   172.320312   172.424479  0.144531  0.066406
  77   172.329427   172.557292  0.360677  0.197917
  81   172.428385   173.522135  0.001302  0.389323
  66   172.468750   172.597656  0.132812  0.162760
  55   172.179688   172.292969  0.152344  0.130208
  73   172.199219   172.325521  0.147135  0.115885
  46   172.290365   172.289062  0.006510  0.052083
  60   172.273438   172.358073  0.006510  0.057292
  29   172.368490   172.388021  0.001302  0.078125
  59   172.686198   172.845052  0.003906  0.145833
  63   172.279948   172.398438  0.125000  0.075521
  64   172.102865   172.231771  0.144531  0.179688
  58   172.128906   172.175781  0.001302  0.087240
  73   172.350260   172.381510  0.022135  0.065104
  59   177.113281   177.213542  0.105469  0.121094
  57   177.205729   177.272135  0.187500  0.050781
  59   177.216146   177.328125  0.005208  0.065104
  34   177.361979   177.388021  0.140625  0.065104
  57   177.255208   177.358073  0.144240  0.031250
  45   172.618490   172.699219  0.006510  0.113281
  84   172.020833   171.131510  0.248698  0.050781
  69   171.123698   171.243490  0.148438  0.076823
  62   172.136719   171.248698  0.001302  0.119792
  69   171.216146   171.264323  0.009115  0.071615
  33   171.268229   171.407552  0.009115  0.052083
  77   171.123698   171.194010  0.002604  0.083333
  77   171.246094   171.391927  0.088542  0.083333
  79   171.132812   171.345052  0.005208  0.131510
  71   171.054688   171.401042  0.208333  0.369792
  44   171.143229   171.329427  0.002604  0.179688
  44   171.136719   171.217448  0.074219  0.055990
  86   171.127604   171.210938  0.003906  0.089844
  97   171.272135   171.313802  0.001302  0.037760
  66   171.240885   171.389323  0.028646  0.093750
  55   171.479167   171.483073  0.001302  0.082031
  46   171.373698   171.649740  0.003906  0.230469
  67   171.337240   171.479167  0.042969  0.125000
  77   171.587240   172.410156  0.191406  0.486979
  67   171.621094   171.787760  0.010417  0.131510
  55   171.872396   171.914062  0.061198  0.071615
  48   171.988281   171.971354  0.121094  0.058594
  63   170.130208   170.167969  0.139323  0.053385
  45   171.084635   171.095052  0.028646  0.031250
  68   171.759115   171.899740  0.013021  0.105469
  76   171.2